# X , Y , E Distribution=true

-20.1034,0.00621936,0.0010199
-19.9824,0.012183,0.00142126
-19.8614,0.0120407,0.00141332
-19.7404,0.0123458,0.00143596
-19.6194,0.0197948,0.00181771
-19.4985,0.0234862,0.00197897
-19.3775,0.0181848,0.00174
-19.2565,0.0196935,0.00181082
-19.1355,0.0172657,0.00169609
-19.0145,0.0179096,0.00173047
-18.8935,0.0163403,0.00165189
-18.7726,0.0150919,0.00158511
-18.6516,0.0168521,0.00167515
-18.5306,0.00983449,0.00128034
-18.4096,0.0181155,0.00173675
-18.2886,0.0110896,0.00135902
-18.1676,0.0136177,0.00150778
-18.0467,0.0130155,0.00147497
-17.9257,0.0137752,0.00151505
-17.8047,0.0108417,0.00134331
-17.6837,0.0110018,0.00135531
-17.5627,0.0143835,0.00155158
-17.4417,0.0110166,0.00135751
-17.3208,0.0114878,0.00139202
-17.1998,0.0146634,0.00156967
-17.0788,0.0145439,0.00156092
-16.9578,0.013952,0.0015295
-16.8368,0.0152759,0.00160714
-16.7158,0.0122999,0.00143975
-16.5949,0.0133612,0.00150143
-16.4739,0.0155861,0.0016252
-16.3529,0.0143843,0.00156302
-16.2319,0.0155214,0.00162245
-16.1109,0.0144978,0.00156941
-15.9899,0.0168566,0.00168771
-15.869,0.0138933,0.00154018
-15.748,0.0161285,0.00167113
-15.627,0.0177433,0.00174049
-15.506,0.0147543,0.00159937
-15.385,0.0166972,0.00169907
-15.264,0.0174122,0.00173641
-15.1431,0.0226941,0.00199007
-15.0221,0.0185063,0.00179426
-14.9011,0.0179976,0.00177469
-14.7801,0.02325,0.00201421
-14.6591,0.0153356,0.00164015
-14.5381,0.0206598,0.00190094
-14.4172,0.0226307,0.00200712
-14.2962,0.022226,0.00198581
-14.1752,0.0298904,0.00229748
-14.0542,0.025246,0.00211621
-13.9332,0.026324,0.00217763
-13.8122,0.0276477,0.00223094
-13.6913,0.0323195,0.00242168
-13.5703,0.0360659,0.00255283
-13.4493,0.0340048,0.00248382
-13.3283,0.0291639,0.0022953
-13.2073,0.0325009,0.00242482
-13.0863,0.033403,0.00246331
-12.9654,0.0420108,0.00275721
-12.8444,0.0337274,0.00246583
-12.7234,0.0369055,0.00259238
-12.6024,0.0485012,0.0029699
-12.4814,0.0428367,0.0027861
-12.3604,0.0393343,0.00267304
-12.2395,0.0401579,0.00269776
-12.1185,0.039084,0.00266598
-11.9975,0.047037,0.00291686
-11.8765,0.0480101,0.00295601
-11.7555,0.0475445,0.00294126
-11.6345,0.0520952,0.00307268
-11.5136,0.0476181,0.0029429
-11.3926,0.0518122,0.00307046
-11.2716,0.0522372,0.00307985
-11.1506,0.0542537,0.00313187
-11.0296,0.0487839,0.00298406
-10.9086,0.0510998,0.00305347
-10.7877,0.0562652,0.0031999
-10.6667,0.0617254,0.00334906
-10.5457,0.0546033,0.00315368
-10.4247,0.0650993,0.0034422
-10.3037,0.0690515,0.00354052
-10.1828,0.0682076,0.00352346
-10.0618,0.0584219,0.00326109
-9.94078,0.0712346,0.00360457
-9.8198,0.0682349,0.00351988
-9.69882,0.068215,0.00352631
-9.57783,0.0660187,0.00347128
-9.45685,0.0780964,0.00377019
-9.33587,0.0802729,0.00382494
-9.21488,0.0907725,0.00406177
-9.0939,0.0772995,0.00375353
-8.97292,0.076458,0.00373309
-8.85194,0.0893934,0.00403518
-8.73095,0.0902564,0.00406283
-8.60997,0.0905596,0.00406622
-8.48899,0.0926764,0.00411843
-8.368,0.0978855,0.00422596
-8.24702,0.103998,0.00435938
-8.12604,0.0912321,0.00408351
-8.00505,0.101969,0.00431327
-7.88407,0.0988334,0.00425002
-7.76309,0.0931427,0.00413457
-7.6421,0.105079,0.00438856
-7.52112,0.102761,0.00432689
-7.40014,0.115551,0.0045973
-7.27915,0.103553,0.00435615
-7.15817,0.116533,0.00462135
-7.03719,0.116004,0.00460661
-6.9162,0.117731,0.00464394
-6.79522,0.121286,0.00471688
-6.67424,0.129574,0.00488218
-6.55326,0.130094,0.00487659
-6.43227,0.131648,0.00491144
-6.31129,0.140719,0.00508023
-6.19031,0.139123,0.00504084
-6.06932,0.152172,0.00527731
-5.94834,0.149608,0.00523048
-5.82736,0.161631,0.00543948
-5.70637,0.153448,0.00529835
-5.58539,0.176753,0.00568565
-5.46441,0.179473,0.00573092
-5.34342,0.183587,0.0057925
-5.22244,0.200647,0.00604675
-5.10146,0.219836,0.00632576
-4.98047,0.211899,0.00621016
-4.85949,0.223319,0.00636805
-4.73851,0.241017,0.00661973
-4.61752,0.274786,0.0070607
-4.49654,0.293937,0.00729695
-4.37556,0.324204,0.0076516
-4.25457,0.384728,0.00835052
-4.13359,0.434935,0.00885017
-4.01261,0.543696,0.00989652
-3.89163,0.670414,0.0109985
-3.77064,0.815554,0.0121267
-3.64966,1.05133,0.0137764
-3.52868,1.33478,0.0155233
-3.40769,1.63702,0.0171953
-3.28671,2.04534,0.0192315
-3.16573,2.51697,0.0213416
-3.04474,2.98642,0.023259
-2.92376,3.55095,0.0253737
-2.80278,4.15377,0.0274403
-2.68179,4.81784,0.0295461
-2.56081,5.51809,0.0316322
-2.43983,6.23292,0.0336243
-2.31884,7.00094,0.0356444
-2.19786,7.80712,0.03766
-2.07688,8.77385,0.0399489
-1.95589,9.77377,0.0421902
-1.83491,10.7847,0.044359
-1.71393,11.8579,0.0465687
-1.59295,12.8156,0.0484681
-1.47196,13.8466,0.0504413
-1.35098,15.0943,0.0527303
-1.23,16.1602,0.054633
-1.10901,17.3407,0.0566668
-0.988029,18.7774,0.0590528
-0.867046,19.9219,0.0609217
-0.746063,21.0223,0.0626742
-0.62508,21.9367,0.0640995
-0.504097,22.3771,0.0648005
-0.383113,22.432,0.0649234
-0.26213,22.2926,0.0647713
-0.141147,21.7735,0.0640588
-0.0201639,21.1377,0.0631637
0.100819,20.3176,0.0619542
0.221802,19.1817,0.0602275
0.342786,17.8895,0.058187
0.463769,16.4473,0.055817
0.584752,14.8797,0.0531165
0.705735,13.4551,0.0505196
0.826718,12.0399,0.0477973
0.947701,10.3618,0.0443377
1.06868,9.1117,0.0415773
1.18967,8.02278,0.0390178
1.31065,7.13655,0.0367991
1.43163,6.42283,0.0349102
1.55262,5.80793,0.0332053
1.6736,5.30698,0.0317386
1.79458,4.85654,0.0303682
1.91557,4.46043,0.029102
2.03655,4.16274,0.0281234
2.15753,3.96986,0.0274687
2.27852,3.76155,0.0267453
2.3995,3.6706,0.0264262
2.52048,3.61645,0.0262448
2.64147,3.56418,0.0260649
2.76245,3.56693,0.0260822
2.88343,3.50996,0.0258891
3.00442,3.48577,0.0258121
3.1254,3.43415,0.0256237
3.24638,3.38035,0.0254349
3.36736,3.42048,0.0255999
3.48835,3.2768,0.0250586
3.60933,3.30539,0.0251759
3.73031,3.19043,0.0247493
3.8513,3.07694,0.0243171
3.97228,2.99978,0.0240255
4.09326,2.91858,0.0237046
4.21425,2.77447,0.0231213
4.33523,2.62905,0.0225224
4.45621,2.50992,0.0220129
4.5772,2.357,0.0213463
4.69818,2.23593,0.0208053
4.81916,2.10868,0.0202103
4.94015,1.96426,0.0195188
5.06113,1.83249,0.0188626
5.18211,1.73965,0.0183913
5.3031,1.58897,0.0175878
5.42408,1.49452,0.0170694
5.54506,1.41214,0.0166038
5.66605,1.34438,0.0162142
5.78703,1.25321,0.0156672
5.90801,1.18812,0.0152627
6.02899,1.17571,0.0151878
6.14998,1.14226,0.0149738
6.27096,1.13106,0.0149131
6.39194,1.07038,0.014515
6.51293,1.0388,0.01431
6.63391,1.04385,0.0143543
6.75489,1.00561,0.014095
6.87588,0.971137,0.0138638
6.99686,0.93663,0.0136242
7.11784,0.999106,0.0140764
7.23883,0.999241,0.0140854
7.35981,0.983272,0.0139759
7.48079,1.01373,0.0141956
7.60178,1.01211,0.014193
7.72276,1.02017,0.0142576
7.84374,0.979831,0.0139803
7.96473,1.04196,0.0144255
8.08571,1.00874,0.0142055
8.20669,0.966666,0.01391
8.32767,0.907074,0.013487
8.44866,0.840093,0.0129947
8.56964,0.75112,0.0122953
8.69062,0.674088,0.0116618
8.81161,0.647633,0.0114483
8.93259,0.596728,0.0110002
9.05357,0.547882,0.0105549
9.17456,0.49854,0.0100797
9.29554,0.478768,0.00988641
9.41652,0.443432,0.00952486
9.53751,0.419074,0.00927015
9.65849,0.377346,0.00881077
9.77947,0.359136,0.00860822
9.90046,0.344764,0.00843889
10.0214,0.32094,0.00815136
10.1424,0.324993,0.00820726
10.2634,0.298923,0.00787635
10.3844,0.29528,0.00783566
10.5054,0.276957,0.0075927
10.6264,0.277575,0.00760695
10.7473,0.263753,0.00742214
10.8683,0.266081,0.00746058
10.9893,0.265576,0.00746082
11.1103,0.271871,0.00755849
11.2313,0.257941,0.00736791
11.3523,0.255599,0.00733941
11.4732,0.241791,0.00714518
11.5942,0.242228,0.00715746
11.7152,0.24342,0.00718267
11.8362,0.224699,0.00690635
11.9572,0.222052,0.00687256
12.0782,0.213131,0.0067391
12.1991,0.202176,0.00657297
12.3201,0.219457,0.00685292
12.4411,0.202344,0.00658848
12.5621,0.195476,0.00647965
12.6831,0.20074,0.00657324
12.8041,0.199239,0.00655473
12.925,0.197325,0.0065284
13.046,0.204885,0.0066621
13.167,0.203069,0.0066371
13.288,0.189806,0.00642087
13.409,0.200812,0.00661019
13.53,0.180718,0.0062805
13.6509,0.1782,0.00623674
13.7719,0.174813,0.00618397
13.8929,0.171212,0.00612339
14.0139,0.161721,0.00595455
14.1349,0.161462,0.00595604
14.2559,0.15624,0.00585981
14.3768,0.148018,0.00570741
14.4978,0.146229,0.00567911
14.6188,0.144548,0.00564458
14.7398,0.133762,0.00544002
14.8608,0.126784,0.00529428
14.9817,0.12654,0.00529104
15.1027,0.121015,0.00517829
15.2237,0.126289,0.00529137
15.3447,0.118631,0.00513221
15.4657,0.114155,0.00503882
15.5867,0.105399,0.00484254
15.7076,0.0992605,0.00470041
15.8286,0.101336,0.00475613
15.9496,0.102353,0.00478153
16.0706,0.103147,0.00480362
16.1916,0.0965741,0.00464883
16.3126,0.0951148,0.00461423
16.4335,0.0906368,0.00450999
16.5545,0.0846701,0.00436336
16.6755,0.0860914,0.00440658
16.7965,0.0872168,0.00443436
16.9175,0.0808052,0.00426985
17.0385,0.0804292,0.00426652
17.1594,0.0744323,0.00410635
17.2804,0.0756444,0.00413873
17.4014,0.0752501,0.00413471
17.5224,0.0799101,0.00426239
17.6434,0.0736498,0.00410167
17.7644,0.0646141,0.00383222
17.8853,0.0662239,0.00389031
18.0063,0.0629487,0.00379367
18.1273,0.0620631,0.00377442
18.2483,0.0645247,0.00384914
18.3693,0.0642595,0.00385
18.4903,0.0666591,0.0039201
18.6112,0.0571942,0.00362961
18.7322,0.0587301,0.00368767
18.8532,0.0599188,0.0037236
18.9742,0.0595534,0.00372124
19.0952,0.0561382,0.00360573
19.2162,0.0553834,0.00358679
19.3371,0.0499465,0.0034101
19.4581,0.0504626,0.0034256
19.5791,0.0443136,0.00320936
19.7001,0.0412714,0.00310147
19.8211,0.0517053,0.00347612
19.9421,0.0528824,0.00352219
20.063,0.0468322,0.00331374
20.184,0.0442806,0.00321766
20.305,0.0502232,0.00342975
20.426,0.0523188,0.00350438
20.547,0.050682,0.00345069
20.668,0.0538691,0.00356015
20.7889,0.0507268,0.00345441
20.9099,0.0488094,0.00338964
21.0309,0.0445809,0.00324224
21.1519,0.0501859,0.00343992
21.2729,0.0498457,0.00343197
21.3939,0.0460942,0.00330532
21.5148,0.0503041,0.00345788
21.6358,0.0492291,0.00341602
21.7568,0.0465259,0.00332478
21.8778,0.0505501,0.00347461
21.9988,0.0550139,0.00362028
22.1198,0.0475509,0.00336596
22.2407,0.047588,0.0033667
22.3617,0.0452655,0.00329513
22.4827,0.0529543,0.00355985
22.6037,0.0542107,0.00360434
22.7247,0.0464954,0.00333952
22.8457,0.0482498,0.00340067
22.9666,0.0487945,0.00342067
23.0876,0.0475073,0.00338429
23.2086,0.0471767,0.00337078
23.3296,0.0483045,0.00341471
23.4506,0.0493109,0.00345179
23.5716,0.0462919,0.00335017
23.6925,0.0462602,0.00334733
23.8135,0.0484924,0.00343183
23.9345,0.0489492,0.00344486
24.0555,0.0473746,0.00339348
24.1563,0.0435778,0.00398435
24.2571,0.0447419,0.00171578
24.3784,0.0454843,0.00172317
24.5003,0.0481786,0.00176816
24.6228,0.0426297,0.00166179
24.7459,0.0472806,0.00174723
24.8696,0.0470394,0.00173651
24.994,0.0445052,0.0016766
25.119,0.044846,0.00168441
25.2446,0.047348,0.00172357
25.3708,0.044141,0.00166034
25.4976,0.046102,0.00169109
25.6251,0.0449298,0.00166191
25.7533,0.0427203,0.00162103
25.882,0.0458905,0.001675
26.0114,0.040859,0.00157698
26.1415,0.0432045,0.00161389
26.2722,0.0443895,0.00163237
26.4036,0.0432252,0.0016066
26.5356,0.0463583,0.00166032
26.6682,0.0442498,0.00161771
26.8016,0.0440314,0.00160465
26.9356,0.0454497,0.00163038
27.0703,0.0426422,0.00157683
27.2056,0.0441151,0.00159905
27.3417,0.0453017,0.0016177
27.4784,0.0451438,0.00160935
27.6158,0.0466732,0.00163334
27.7538,0.0418243,0.0015407
27.8926,0.0446374,0.00159055
28.0321,0.0458135,0.00160687
28.1722,0.0457636,0.00160126
28.3131,0.0449894,0.0015843
28.4547,0.0420824,0.00152823
28.5969,0.0420652,0.00152667
28.7399,0.0430099,0.00154016
28.8836,0.0421841,0.00152224
29.028,0.0458048,0.0015828
29.1732,0.0443915,0.00155465
29.319,0.0461332,0.00158034
29.4656,0.0423788,0.0015107
29.613,0.0442543,0.00153898
29.761,0.0454197,0.00155773
29.9098,0.0436255,0.0015221
30.0594,0.0423963,0.00149679
30.2097,0.0449009,0.00153788
30.3607,0.0465921,0.00156395
30.5125,0.0474879,0.00157584
30.6651,0.045637,0.00154081
30.8184,0.0466648,0.00155433
30.9725,0.0440877,0.00150558
31.1274,0.044929,0.00152053
31.283,0.0470966,0.00155124
31.4394,0.0446216,0.00150779
31.5966,0.046147,0.0015289
31.7546,0.046793,0.00153826
31.9134,0.0444552,0.0014968
32.0729,0.044904,0.00149792
32.2333,0.043535,0.00147281
32.3945,0.0454528,0.00150398
32.5564,0.0440597,0.00147747
32.7192,0.0428648,0.00145306
32.8828,0.0432284,0.0014564
33.0472,0.0415832,0.00142367
33.2125,0.042974,0.00144654
33.3785,0.0412114,0.00141254
33.5454,0.0405461,0.00139623
33.7132,0.0407004,0.00139772
33.8817,0.0429021,0.00142886
34.0511,0.043687,0.00144237
34.2214,0.0420117,0.00140947
34.3925,0.0405555,0.00138208
34.5645,0.0416465,0.00139618
34.7373,0.0406295,0.00137659
34.911,0.0392722,0.00135097
35.0855,0.0403121,0.00136316
35.2609,0.0424253,0.00139645
35.4373,0.0409734,0.00137101
35.6144,0.0387583,0.00133049
35.7925,0.0379186,0.00131225
35.9715,0.0420072,0.00137876
36.1513,0.0419641,0.00137583
36.3321,0.040312,0.00134476
36.5137,0.0395334,0.00132702
36.6963,0.0394772,0.00132323
36.8798,0.0429747,0.00138
37.0642,0.0423613,0.00136741
37.2495,0.0456677,0.00141561
37.4358,0.0431972,0.00137604
37.6229,0.0409355,0.00133597
37.8111,0.0410216,0.00133422
38.0001,0.0432326,0.00136396
38.1901,0.0435599,0.00136996
38.3811,0.0432464,0.00136216
38.573,0.0424915,0.00134679
38.7658,0.0443749,0.00137274
38.9597,0.0426201,0.00134193
39.1545,0.0421214,0.00133062
39.3502,0.0387953,0.00127659
39.547,0.0447033,0.00136642
39.7447,0.0433986,0.00134317
39.9434,0.0411326,0.00130768
40.1432,0.0429108,0.00133077
40.3439,0.0442172,0.00134734
40.5456,0.0445559,0.00134955
40.7483,0.0426819,0.00131801
40.9521,0.04385,0.00133427
41.1568,0.0413378,0.00129131
41.3626,0.0434199,0.0013203
41.5694,0.0433859,0.00131835
41.7773,0.0460248,0.00135503
41.9862,0.0440593,0.00132386
42.1961,0.0455036,0.00134147
42.4071,0.0432939,0.00130763
42.6191,0.0468268,0.00135366
42.8322,0.0423928,0.00128722
43.0464,0.0467138,0.00134705
43.2616,0.0476995,0.00136036
43.4779,0.0443295,0.00130563
43.6953,0.0461448,0.00133007
43.9138,0.0447097,0.0013064
44.1333,0.0462063,0.00132582
44.354,0.0432398,0.00128276
44.5758,0.0454707,0.00131037
44.7987,0.0469026,0.00132757
45.0226,0.0446686,0.00129218
45.2478,0.0440254,0.00128224
45.474,0.0431448,0.00126577
45.7014,0.0444263,0.00128169
45.9299,0.0450198,0.00128659
46.1595,0.0462294,0.00130146
46.3903,0.0450168,0.00128154
46.6223,0.0457674,0.00128978
46.8554,0.0473954,0.00130979
47.0897,0.0478114,0.00131242
47.3251,0.0459048,0.00128274
47.5617,0.0469319,0.00129505
47.7995,0.0496436,0.00133012
48.0385,0.0498108,0.00132953
48.2787,0.0503624,0.00133487
48.5201,0.0504041,0.00133287
48.7627,0.047412,0.00129069
49.0065,0.0499384,0.00132072
49.2516,0.0479251,0.00129169
49.4978,0.0466367,0.00127371
49.7453,0.0468778,0.00127341
49.994,0.0479585,0.00128399
50.244,0.0466467,0.00126443
50.4952,0.0460287,0.00125482
50.7477,0.0476403,0.00127426
51.0015,0.0465578,0.00125622
51.2565,0.0451934,0.00123627
51.5127,0.0466659,0.00125336
51.7703,0.0451384,0.00123056
52.0292,0.0471812,0.00125642
52.2893,0.0477098,0.00125989
52.5507,0.0471375,0.00125101
52.8135,0.0478575,0.00125863
53.0776,0.0476896,0.0012545
53.343,0.0470973,0.00124449
53.6097,0.0457015,0.00122446
53.8777,0.0482448,0.00125483
54.1471,0.0474942,0.00124217
54.4178,0.0477619,0.00124522
54.6899,0.0491102,0.00126045
54.9634,0.048279,0.00124783
55.2382,0.0495437,0.0012608
55.5144,0.0479739,0.00123943
55.792,0.0470358,0.00122441
56.0709,0.0491289,0.00125198
56.3513,0.0492479,0.00124896
56.633,0.0479707,0.00123061
56.9162,0.0479087,0.00122911
57.2008,0.0500696,0.00125448
57.4868,0.0464578,0.00120588
57.7742,0.0467654,0.00120782
58.0631,0.0474651,0.00121401
58.3534,0.0463926,0.001199
58.6452,0.0494921,0.00123759
58.9384,0.0490231,0.0012296
59.2331,0.0498056,0.00123534
59.5293,0.0500618,0.00123733
59.8269,0.05086,0.00124526
60.126,0.0490687,0.0012213
60.4267,0.0493025,0.00122199
60.7288,0.0505541,0.00123675
61.0324,0.0513137,0.00124304
61.3376,0.0517317,0.00124562
61.6443,0.05104,0.00123578
61.9525,0.0487993,0.00120601
62.2623,0.0505576,0.00122549
62.5736,0.049192,0.00120614
62.8865,0.0522856,0.00124282
63.2009,0.0521275,0.00124001
63.5169,0.0533072,0.0012509
63.8345,0.052281,0.00123727
64.1537,0.0484342,0.00118871
64.4744,0.0497102,0.0012026
64.7968,0.050503,0.00121096
65.1208,0.0515911,0.00122094
65.4464,0.0533795,0.00124024
65.7736,0.0549335,0.00125754
66.1025,0.0561809,0.00126863
66.433,0.0588469,0.0012972
66.7652,0.0557564,0.00126195
67.099,0.0578812,0.00128463
67.4345,0.0575861,0.00127947
67.7716,0.0570333,0.00127082
68.1105,0.0578752,0.00127847
68.4511,0.0576714,0.00127672
68.7933,0.0600617,0.00130077
69.1373,0.0583192,0.00128042
69.483,0.058996,0.00128746
69.8304,0.0621015,0.00131925
70.1795,0.0640196,0.00133808
70.5304,0.0631228,0.00132903
70.8831,0.0644764,0.00134208
71.2375,0.0689212,0.00138707
71.5937,0.070448,0.00140181
71.9517,0.0744653,0.00143973
72.3114,0.0801757,0.00149371
72.673,0.0805424,0.00149741
73.0363,0.0856432,0.00154319
73.4015,0.0871099,0.00155582
73.7685,0.0856729,0.00154092
74.1374,0.076826,0.0014562
74.5081,0.0718254,0.00140478
74.8806,0.0674302,0.00135853
75.255,0.0631533,0.00131162
75.6313,0.0598105,0.00127319
76.0094,0.055188,0.00122017
76.3895,0.0559969,0.00122673
76.7714,0.0530739,0.00119274
77.1553,0.0525236,0.00118473
77.5411,0.051494,0.00116995
77.9288,0.0506925,0.0011602
78.3184,0.0496617,0.00114556
78.71,0.0515686,0.00116623
79.1035,0.0506717,0.00115388
79.4991,0.0498032,0.00114241
79.8966,0.0518934,0.00116339
80.296,0.0522986,0.00116629
80.6975,0.0518056,0.00115964
81.101,0.0521939,0.00116241
81.5065,0.0492727,0.00112707
81.9141,0.0478283,0.00110919
82.3236,0.0480763,0.00111052
82.7352,0.0483857,0.00111178
83.1489,0.0502664,0.00113276
83.5647,0.0501809,0.00113044
83.9825,0.0470908,0.00109405
84.4024,0.0484561,0.00110795
84.8244,0.0496282,0.00112014
85.2485,0.0464237,0.0010811
85.6748,0.0470241,0.00108765
86.1031,0.046095,0.00107439
86.5337,0.0456328,0.00106762
86.9663,0.0467065,0.00107868
87.4012,0.0498996,0.00111437
87.8382,0.0492625,0.00110534
88.2774,0.0504897,0.00111744
88.7187,0.0515474,0.00112772
89.1623,0.0513544,0.00112536
89.6082,0.0552621,0.00116506
90.0562,0.0522643,0.0011309
90.5065,0.0529971,0.00113696
90.959,0.0529836,0.00113593
91.4138,0.0535118,0.00113949
91.8709,0.0536471,0.00113895
92.3302,0.053451,0.00113478
92.7919,0.0545594,0.0011442
93.2558,0.0567414,0.00116633
93.7221,0.0574511,0.00117097
94.1907,0.0595741,0.0011907
94.6617,0.0605502,0.00119911
95.135,0.0590418,0.00118262
95.6107,0.0610152,0.00119936
96.0887,0.0598905,0.00118692
96.5692,0.0566942,0.00115409
97.052,0.055657,0.00113992
97.5373,0.0565729,0.00114737
98.0249,0.055843,0.00113884
98.5151,0.0571375,0.00114854
99.0076,0.0552591,0.00112714
99.5027,0.0597783,0.00117252
100,0.0628828,0.00119942
100.5,0.0621937,0.00119062
101.003,0.0642142,0.00120925
101.508,0.0652419,0.00121765
102.015,0.065448,0.00121861
102.525,0.0694325,0.0012545
103.038,0.0686538,0.00124644
103.553,0.0685944,0.00124462
104.071,0.0642963,0.00120384
104.591,0.0668417,0.00122755
105.114,0.0685866,0.00124189
105.64,0.0684185,0.00123894
106.168,0.0690962,0.00124423
106.699,0.0692533,0.00124425
107.232,0.0676479,0.00122741
107.768,0.0663634,0.00121602
108.307,0.0666173,0.00121551
108.849,0.0641957,0.00119124
109.393,0.0634229,0.0011812
109.94,0.0647239,0.00119203
110.49,0.0644882,0.00118822
111.042,0.0649879,0.0011915
111.597,0.0636069,0.00117714
112.155,0.0639519,0.00118051
112.716,0.0632181,0.00117243
113.28,0.0612639,0.00115385
113.846,0.061904,0.00115832
114.415,0.062812,0.00116548
114.987,0.0631273,0.0011675
115.562,0.065137,0.00118429
116.14,0.0677404,0.00120721
116.721,0.0703317,0.0012288
117.305,0.0731995,0.00125302
117.891,0.0744095,0.00126229
118.481,0.0731337,0.00125121
119.073,0.0749312,0.00126596
119.668,0.0753145,0.00126866
120.267,0.073858,0.00125557
120.868,0.0747462,0.00126392
121.472,0.0749919,0.00126459
122.08,0.0753432,0.00126663
122.69,0.0755578,0.00126772
123.304,0.0747528,0.00125929
123.92,0.0746734,0.0012578
124.54,0.0716827,0.00123236
125.162,0.0741394,0.00125091
125.788,0.073443,0.00124436
126.417,0.071335,0.00122631
127.049,0.0729853,0.0012392
127.684,0.0738584,0.00124605
128.323,0.0745807,0.00125074
128.964,0.0751992,0.00125474
129.609,0.0776353,0.00127407
130.257,0.0808709,0.00129885
130.909,0.0852994,0.00133311
131.563,0.0904921,0.00137252
132.221,0.0903151,0.00136992
132.882,0.0898942,0.00136577
133.546,0.0921203,0.00138119
134.214,0.0940288,0.00139501
134.885,0.0956913,0.00140627
135.56,0.0994425,0.00143361
136.238,0.098272,0.00142349
136.919,0.100353,0.00143788
137.603,0.103503,0.00145932
138.291,0.107887,0.00148841
138.983,0.112149,0.0015158
139.678,0.114536,0.00153181
140.376,0.118896,0.00155901
141.078,0.120674,0.00156936
141.783,0.126074,0.00160347
142.492,0.130892,0.00163241
143.205,0.132304,0.0016416
143.921,0.134414,0.00165392
144.64,0.134311,0.00165195
145.364,0.136946,0.00166707
146.09,0.13761,0.00167111
146.821,0.136102,0.00166039
147.555,0.138569,0.00167491
148.293,0.140981,0.00168851
149.034,0.14235,0.00169677
149.779,0.143046,0.00169964
150.528,0.143278,0.00170091
151.281,0.146354,0.00171735
152.037,0.143899,0.00170323
152.797,0.142715,0.00169599
153.561,0.149624,0.00173645
154.329,0.145037,0.001708
155.101,0.144835,0.00170579
155.876,0.143636,0.00169793
156.656,0.143434,0.00169616
157.439,0.138866,0.00166818
158.226,0.139678,0.00167331
159.017,0.136558,0.00165303
159.812,0.134236,0.00163797
160.612,0.132251,0.00162581
161.415,0.130005,0.00161125
162.222,0.133447,0.00163327
163.033,0.132894,0.00162874
163.848,0.12961,0.00160796
164.667,0.128819,0.00160303
165.491,0.129139,0.00160543
166.318,0.128344,0.00160064
167.15,0.127159,0.00159372
167.985,0.125916,0.00158621
168.825,0.126664,0.00159127
169.669,0.125545,0.00158418
170.518,0.124477,0.00157752
171.37,0.123723,0.00157287
172.227,0.121614,0.00155905
173.088,0.118311,0.00153729
173.954,0.116068,0.00152323
174.823,0.117951,0.00153559
175.698,0.113139,0.00150338
176.576,0.109374,0.00147819
177.459,0.108875,0.00147433
178.346,0.105238,0.00144938
179.238,0.107669,0.00146599
180.134,0.103823,0.00143863
181.035,0.10768,0.00146601
181.94,0.104348,0.00144265
182.85,0.106628,0.00145807
183.764,0.107655,0.00146436
184.683,0.110245,0.00148226
185.606,0.110141,0.00148103
186.534,0.11715,0.00152779
187.467,0.117406,0.00152872
188.404,0.117397,0.00152791
189.346,0.118743,0.00153609
190.293,0.116324,0.00152058
191.244,0.118213,0.00153349
192.201,0.116414,0.00152179
193.162,0.107562,0.0014626
194.128,0.103197,0.0014334
195.098,0.0991508,0.00140423
196.074,0.0955205,0.00137854
197.054,0.0951075,0.00137476
198.039,0.0955434,0.00137793
199.029,0.0943879,0.00136934
200.025,0.0939907,0.00136718
201.025,0.0940702,0.00136667
202.03,0.0973329,0.00139036
203.04,0.0981099,0.00139665
204.055,0.100108,0.00141005
205.075,0.0992781,0.00140448
206.101,0.096767,0.00138645
207.131,0.0940225,0.00136634
208.167,0.0919932,0.0013515
209.208,0.0920267,0.00135281
210.254,0.0905266,0.00134164
211.305,0.0896278,0.00133455
212.362,0.0894893,0.00133384
213.424,0.0888361,0.00133036
214.491,0.0887433,0.0013301
215.563,0.0869463,0.00131663
216.641,0.0884288,0.00132853
217.724,0.0892818,0.00133565
218.813,0.0906956,0.0013463
219.907,0.0934718,0.00136657
221.006,0.0934655,0.00136861
222.111,0.0979515,0.00140195
223.222,0.102062,0.00143108
224.338,0.107417,0.00146922
225.46,0.107093,0.00146683
226.587,0.104597,0.00144999
227.72,0.102961,0.00143758
228.859,0.098791,0.00140745
230.003,0.101565,0.00142622
231.153,0.103788,0.00144131
232.309,0.103292,0.00143763
233.47,0.101545,0.0014251
234.638,0.10356,0.00143869
235.811,0.104264,0.00144404
236.99,0.110837,0.00148918
238.175,0.110055,0.00148447
239.366,0.109893,0.00148447
240.562,0.109621,0.00148291
241.765,0.109104,0.00147929
242.974,0.107353,0.00146783
244.189,0.108407,0.00147482
245.41,0.10562,0.00145575
246.637,0.108036,0.00147313
247.87,0.108957,0.00147894
249.109,0.106266,0.00146047
250.355,0.10075,0.00142235
251.607,0.0914341,0.00135418
252.865,0.0894999,0.00134031
254.129,0.0845515,0.00130225
255.4,0.0833686,0.0012928
256.677,0.0804889,0.00127067
257.96,0.0839728,0.00129792
259.25,0.0815265,0.00127927
260.546,0.0826064,0.00128847
261.849,0.0812938,0.00127744
263.158,0.0801943,0.00126894
264.474,0.0813663,0.0012784
265.796,0.0832075,0.00129345
267.125,0.0846189,0.00130382
268.461,0.0867723,0.00132074
269.803,0.0885678,0.00133525
271.152,0.0924135,0.00136486
272.508,0.0928641,0.00136871
273.871,0.0949409,0.00138476
275.24,0.104093,0.00145046
276.616,0.112217,0.00150683
277.999,0.11685,0.00153763
279.389,0.115782,0.00153152
280.786,0.116118,0.00153404
282.19,0.120935,0.00156647
283.601,0.126272,0.00160137
285.019,0.12524,0.00159688
286.444,0.128701,0.00161986
287.876,0.128187,0.00161804
289.316,0.128722,0.00162225
290.762,0.125078,0.00160041
292.216,0.122825,0.00158721
293.677,0.126591,0.00161274
295.146,0.122717,0.00158974
296.621,0.113996,0.00153284
298.104,0.107835,0.00149193
299.595,0.101404,0.00144753
301.093,0.10044,0.0014423
302.598,0.0983554,0.00142827
304.111,0.0943487,0.00139942
305.632,0.0958511,0.00141271
307.16,0.0927471,0.00139099
308.696,0.0914313,0.00138371
310.239,0.0887013,0.0013637
311.791,0.0872745,0.00135455
313.35,0.0857754,0.00134454
314.916,0.086562,0.00135211
316.491,0.0842031,0.00133536
318.073,0.083401,0.00133189
319.664,0.083116,0.00133072
321.262,0.0862289,0.00135655
322.868,0.0858293,0.00135625
324.483,0.0802942,0.00131306
326.105,0.0676278,0.00120691
327.736,0.0597041,0.00113611
329.374,0.0559891,0.00110233
331.021,0.0562698,0.001107
332.676,0.0566001,0.00111142
334.34,0.0583922,0.00113075
336.011,0.0565764,0.00111449
337.691,0.0502527,0.0010519
339.38,0.051684,0.00106841
341.077,0.0520315,0.00107372
342.782,0.0551022,0.00110557
344.496,0.0596187,0.00115136
346.218,0.0602936,0.0011589
347.95,0.0603179,0.00115964
349.689,0.056637,0.00112506
351.438,0.0554007,0.00111587
353.195,0.0548743,0.00111179
354.961,0.0518533,0.00108121
356.736,0.051656,0.0010813
358.519,0.0524006,0.00109014
360.312,0.0495316,0.0010617
362.114,0.0476095,0.00104259
363.924,0.0481914,0.00105025
365.744,0.0490079,0.00106112
367.572,0.050581,0.0010788
369.41,0.0485428,0.00105846
371.257,0.0466268,0.00103847
373.114,0.0431814,0.00100199
374.979,0.0404474,0.000971542
376.854,0.0401433,0.000969832
378.738,0.0394075,0.000961709
380.632,0.0415653,0.000990058
382.535,0.0436132,0.00101503
384.448,0.0448161,0.00103021
386.37,0.048048,0.00106901
388.302,0.0546672,0.00114142
390.244,0.0569327,0.00116684
392.195,0.0599447,0.00119864
394.156,0.0626583,0.00122759
396.127,0.0619548,0.00122217
398.107,0.0634397,0.0012398
400.098,0.0652298,0.00125968
402.098,0.0655184,0.00126374
404.109,0.0637132,0.00124909
406.129,0.0557849,0.00117066
408.16,0.0532663,0.00114608
410.201,0.0528214,0.00114379
412.252,0.0525926,0.00114402
414.313,0.0476354,0.00109081
416.384,0.0460845,0.0010763
418.466,0.044851,0.0010637
420.559,0.0451285,0.00106835
422.662,0.0464726,0.00108669
424.775,0.0482012,0.0011075
426.899,0.046661,0.00109214
429.033,0.0475689,0.00110495
431.178,0.0450941,0.00107779
433.334,0.0443603,0.00107262
435.501,0.0451509,0.00108471
437.678,0.0458281,0.00109478
439.867,0.0451409,0.00108741
442.066,0.0449483,0.00108785
444.276,0.0469453,0.00111476
446.498,0.0469369,0.00111636
448.73,0.0476034,0.00112699
450.974,0.0510808,0.00116911
453.229,0.0539382,0.00120349
455.495,0.0606238,0.00127757
457.773,0.0642305,0.00131783
460.061,0.063342,0.0013102
462.362,0.0639556,0.00132024
464.673,0.067001,0.00135397
466.997,0.0665701,0.00135188
469.332,0.062561,0.00131456
471.679,0.0585076,0.00127437
474.037,0.0570081,0.00126211
476.407,0.055771,0.00125136
478.789,0.053368,0.00122659
481.183,0.0536219,0.00123372
483.589,0.0512622,0.00120991
486.007,0.0489808,0.00118446
488.437,0.0493479,0.00119175
490.879,0.0495156,0.00119692
493.334,0.0460442,0.00115597
495.8,0.0454811,0.0011521
498.279,0.0455835,0.00115565
500.771,0.0441661,0.00113934
503.274,0.0435468,0.001134
505.791,0.044417,0.00114805
508.32,0.0447645,0.00115592
510.861,0.0438143,0.00114677
513.416,0.0446109,0.00115882
515.983,0.04562,0.00117591
518.563,0.0439252,0.00115546
521.155,0.0478589,0.00120961
523.761,0.0496667,0.0012347
526.38,0.0488088,0.00122613
529.012,0.0498576,0.0012437
531.657,0.0478159,0.0012205
534.315,0.0500784,0.00125447
536.987,0.0524164,0.0012867
539.672,0.0585131,0.00136238
542.37,0.0639037,0.00142478
545.082,0.0634807,0.00142408
547.807,0.0555428,0.0013357
550.546,0.0513797,0.0012895
553.299,0.0543448,0.00133091
556.066,0.055072,0.00134199
558.846,0.0538977,0.00133114
561.64,0.0511483,0.0012993564.448,0.0517144,0.00131107
567.271,0.0529432,0.00133141
570.107,0.0535139,0.00134142
572.958,0.0538591,0.00134877
575.822,0.056129,0.00138146
578.702,0.0571481,0.00139724
581.595,0.0608332,0.00144667
584.503,0.0589244,0.00142763
587.426,0.0595871,0.00143992
590.363,0.0579168,0.0014234
593.314,0.0619893,0.0014766
596.281,0.0671465,0.00154241
599.262,0.0765948,0.00165089
602.259,0.0864259,0.00175956
605.27,0.089662,0.0017946
608.296,0.0806523,0.00170797
611.338,0.0733693,0.00163328
614.395,0.0644953,0.00153728
617.467,0.0565389,0.00144506
620.554,0.050515,0.00137038
623.657,0.0541641,0.00142506
626.775,0.0543073,0.00143112
629.909,0.0507348,0.00138739
633.058,0.052638,0.00141736
636.224,0.053918,0.00143899
639.405,0.0614508,0.00154044
642.602,0.0608959,0.00153684
645.815,0.0633072,0.00157194
649.044,0.0634076,0.00157652
652.289,0.0593215,0.0015296
655.551,0.0562394,0.00149653
658.828,0.0537543,0.00146862
662.122,0.0571435,0.00151989
665.433,0.0594582,0.00155334
668.76,0.0626532,0.00159909
672.104,0.0615756,0.00158998
675.464,0.0568183,0.00153059
678.842,0.0555061,0.00151856
682.236,0.0568161,0.001543
685.647,0.0591881,0.00158077
689.075,0.0585056,0.00157609
692.521,0.0587053,0.00158335
695.983,0.0587111,0.0015874
699.463,0.0589731,0.00159714
702.961,0.0615792,0.00163896
706.475,0.0617022,0.00164446
710.008,0.0583433,0.00160552
713.558,0.0616655,0.00165844
717.126,0.0632047,0.0016813
720.711,0.0604164,0.00164945
724.315,0.0644523,0.00171167
727.936,0.0651852,0.00172623
731.576,0.0664412,0.00174679
735.234,0.0659349,0.00174649
738.91,0.0591762,0.00165882
742.605,0.0569527,0.00163513
746.318,0.0546146,0.00160888
750.049,0.055474,0.00162712
753.8,0.0545549,0.00161896
757.569,0.0538818,0.00161391
761.356,0.0530644,0.00160711
765.163,0.0538069,0.00162367
768.989,0.0602663,0.0017223
772.834,0.0599667,0.0017252
776.698,0.0610903,0.00174523
780.582,0.0668125,0.00183093
784.485,0.0737385,0.00192871
788.407,0.0746923,0.001946
792.349,0.0687841,0.00187129
796.311,0.0608166,0.00176851
800.292,0.0579326,0.00173436
804.294,0.0609553,0.00178308
808.315,0.0659244,0.00186219
812.357,0.0654126,0.00186076
816.419,0.0646309,0.00185665
820.501,0.0679094,0.0019098
824.603,0.0660931,0.00189166
828.726,0.0645379,0.00187362
832.87,0.0657531,0.00189699
837.034,0.0659784,0.0019071
841.219,0.0645677,0.00189408
845.425,0.0651766,0.00191129
849.653,0.0686709,0.00197062
853.901,0.0648157,0.00191539
858.17,0.0618256,0.00188121
862.461,0.0578694,0.0018257
866.773,0.0609275,0.00188176
871.107,0.0663282,0.00197045
875.463,0.0685211,0.00200754
879.84,0.0633558,0.00193527
884.239,0.0589527,0.00187654
888.661,0.0625092,0.0019386
893.104,0.0650649,0.00198578
897.569,0.0646144,0.0019864
902.057,0.0608733,0.00193333
906.568,0.0606279,0.00193874
911.1,0.0642244,0.00200242
915.656,0.0631564,0.00199053
920.234,0.0655213,0.00203635
924.835,0.0654959,0.00204145
929.46,0.0611133,0.0019769
934.107,0.0657389,0.00206192
938.777,0.0725287,0.00217448
943.471,0.0769437,0.0022432
948.189,0.0695646,0.00214154
952.93,0.0618641,0.00202728
957.694,0.0608997,0.0020217
962.483,0.0598243,0.00201211
967.295,0.0577571,0.00198606
972.132,0.0591053,0.00201324
976.992,0.0597517,0.00203156
981.877,0.0571775,0.00199936
986.787,0.053938,0.00194894
991.72,0.0533748,0.00194554
996.679,0.0587385,0.00204842
1001.66,0.0583396,0.00204557
1006.67,0.056858,0.00202712
1011.7,0.0562075,0.00202753
1016.76,0.0570245,0.0020514
1021.85,0.0577916,0.00207142
1026.96,0.056011,0.00204936
1032.09,0.0603923,0.00213725
1037.25,0.0597946,0.00213167
1042.44,0.0580522,0.00210982
1047.65,0.0576204,0.00211041
1052.89,0.0579883,0.00212628
1058.15,0.0592638,0.00215938
1063.44,0.05722,0.00212892
1068.76,0.0558696,0.00211012
1074.1,0.0582956,0.00216222
1079.47,0.0622263,0.00224404
1084.87,0.0634693,0.00227498
1090.3,0.0657523,0.00232648
1095.75,0.0757132,0.00250515
1101.23,0.0790965,0.00256616
1106.73,0.0728851,0.00247042
1112.27,0.0640914,0.00232746
1117.83,0.0597481,0.00226482
1123.42,0.0607716,0.00229354
1129.03,0.0666486,0.00241408
1134.68,0.0775026,0.00261096
1140.35,0.0806296,0.00267067
1146.05,0.0729997,0.00254442
1151.78,0.0637795,0.00239476
1157.54,0.0550062,0.00223427
1163.33,0.0535921,0.0022087
1169.15,0.0581115,0.00231584
1174.99,0.0606865,0.00237921
1180.87,0.063135,0.00243264
1186.77,0.0606461,0.00239423
1192.71,0.061787,0.00242781
1198.67,0.0635439,0.00247062
1204.66,0.0643852,0.0024922
1210.69,0.0653903,0.00252722
1216.74,0.0714034,0.00264693
1222.82,0.0639098,0.00250873
1228.94,0.0649883,0.00254442
1235.08,0.0687809,0.00263633
1241.26,0.073933,0.00274356
1247.46,0.0705438,0.00268683
1253.7,0.0806517,0.00288079
1259.97,0.0832378,0.00293867
1266.27,0.0754777,0.0028094
1272.6,0.0679887,0.0026788
1278.96,0.0679356,0.00269505
1285.36,0.0629191,0.0026049
1291.79,0.0624701,0.00260878
1298.24,0.0678723,0.00273627
1304.74,0.0642569,0.00266228
1311.26,0.0653926,0.00270148
1317.82,0.0663854,0.0027282
1324.41,0.0777043,0.00296405
1331.03,0.0794654,0.00300832
1337.68,0.0800909,0.00303351
1344.37,0.0788331,0.00302334
1351.09,0.0741147,0.00294161
1357.85,0.0736878,0.00294424
1364.64,0.0737052,0.00295806
1371.46,0.0767036,0.00303347
1378.32,0.0750441,0.00301198
1385.21,0.070881,0.0029386
1392.14,0.0708058,0.00294715
1399.1,0.0687112,0.00291782
1406.09,0.073835,0.00303516
1413.12,0.0710171,0.00299426
1420.19,0.0782066,0.00315352
1427.29,0.0728992,0.00304874
1434.43,0.0836309,0.00327831
1441.6,0.0785257,0.00319067
1448.81,0.0719276,0.00306563
1456.05,0.0798588,0.00324959
1463.33,0.0795616,0.00325894
1470.65,0.0767566,0.00320511
1478,0.0794755,0.00327973
1485.39,0.0716049,0.00312585
1492.82,0.0681464,0.00306121
1500.28,0.0662043,0.00303551
1507.78,0.0667942,0.00306679
1515.32,0.0674668,0.0030871
1522.9,0.0666607,0.00307773
1530.51,0.0706396,0.00317722
1538.16,0.0719596,0.00322504
1545.86,0.066789,0.00311986
1553.58,0.0676806,0.00315205
1561.35,0.0629346,0.00305564
1569.16,0.0655447,0.00313017
1577,0.0621217,0.00306303
1584.89,0.0686188,0.00323252
1592.81,0.0696831,0.00327116
1600.78,0.0711657,0.00331383
1608.78,0.0706013,0.00331445
1616.83,0.0684211,0.00327351
1624.91,0.0686517,0.00328433
1633.03,0.0681808,0.00328451
1641.2,0.0667742,0.00326393
1649.41,0.0635422,0.00319602
1657.65,0.0616616,0.00316211
1665.94,0.067456,0.00331799
1674.27,0.0622912,0.00320729
1682.64,0.0597466,0.00315293
1691.06,0.0625707,0.00324076
1699.51,0.0617012,0.00322543
1708.01,0.0614781,0.00323342
1716.55,0.0628453,0.00327419
1725.13,0.0581785,0.00317243
1733.76,0.0575774,0.00315881
1742.43,0.0576897,0.00317877
1751.14,0.0566419,0.00316118
1759.89,0.0595119,0.00324711
1768.69,0.0627369,0.00334683
1777.54,0.0610507,0.00332139
1786.42,0.0634578,0.00338748
1795.36,0.0609003,0.00333683
1804.33,0.0613445,0.00336069
1813.35,0.0626397,0.00341572
1822.42,0.0632597,0.00344621
1831.53,0.061628,0.00340412
1840.69,0.0631385,0.00346634
1849.89,0.0600534,0.00339016
1859.14,0.0587092,0.00335752
1868.44,0.0601477,0.00340974
1877.78,0.0598669,0.00341389
1887.17,0.0602547,0.00343566
1896.61,0.0613645,0.00348353
1906.09,0.0588812,0.0034194
1915.62,0.0600858,0.00346699
1925.2,0.0583447,0.00342833
1934.82,0.058899,0.00345358
1944.5,0.062159,0.00356774
1954.22,0.0614294,0.00355206
1963.99,0.0587735,0.00348002
1973.81,0.0622467,0.00361067
1983.68,0.0532025,0.00333733
1993.6,0.0557057,0.00343153
2003.57,0.0608638,0.00360213
2013.59,0.0603896,0.00359665
2023.65,0.0533416,0.00339042
2033.77,0.0567935,0.0035121
2043.94,0.0596003,0.00361013
2054.16,0.0569098,0.00353266
2064.43,0.0530238,0.00342664
2074.75,0.0534705,0.00344746
2085.13,0.0612187,0.0037001
2095.55,0.057559,0.00359453
2106.03,0.061381,0.00373705
2116.56,0.0611599,0.0037447
2127.14,0.059222,0.00370424
2137.78,0.0592665,0.00370723
2148.47,0.0507879,0.00344004
2159.21,0.0553284,0.00360227
2170.01,0.058453,0.00371813
2180.86,0.0559501,0.00363713
2191.76,0.0556127,0.00363879
2202.72,0.05816,0.00373931
2213.73,0.0560026,0.00368461
2224.8,0.0579866,0.00375869
2235.93,0.0557542,0.00369359
2247.11,0.0507896,0.00354204
2258.34,0.056489,0.00374534
2269.63,0.0594765,0.00384772
2280.98,0.0571369,0.00379506
2292.39,0.0533859,0.00367522
2303.85,0.0580733,0.00383663
2315.37,0.0606863,0.0039306
2326.94,0.0612821,0.00396987
2338.58,0.060887,0.00397568
2350.27,0.0568674,0.00385804
2362.02,0.0608376,0.00399515
2373.83,0.0572119,0.0038731
2385.7,0.0588098,0.00394304
2397.63,0.0620829,0.00407272
2409.62,0.0651562,0.00417668
2421.67,0.0636969,0.00415577
2433.77,0.0617318,0.00410084
2445.94,0.0642886,0.00419406
2458.17,0.0573988,0.00396506
2470.46,0.0588926,0.00402147
2482.82,0.0589723,0.00405021
2495.23,0.0609224,0.00411848
2507.71,0.0624945,0.00419755
2520.25,0.0603874,0.00415274
2532.85,0.0642263,0.00428824
2545.51,0.0658968,0.00433994
2558.24,0.0614247,0.00421306
2571.03,0.0584662,0.00412803
2583.88,0.0614234,0.00423396
2596.8,0.05444,0.0040059
2609.79,0.0595562,0.00419811
2622.84,0.0677299,0.00448177
2635.95,0.0601708,0.00423572
2649.13,0.0602331,0.00425144
2662.38,0.0589392,0.00421619
2675.69,0.0627491,0.00436388
2689.07,0.0550339,0.00409005
2702.51,0.0533767,0.00404237
2716.02,0.0571974,0.0042039
2729.61,0.0627777,0.00441631
2743.25,0.0597198,0.00430721
2756.97,0.0560931,0.00420111
2770.75,0.0649748,0.00453885
2784.61,0.0635787,0.00449217
2798.53,0.0593518,0.00435298
2812.52,0.0576626,0.00429049
2826.59,0.060736,0.00441888
2840.72,0.059035,0.00437506
2854.92,0.0622544,0.00449796
2869.2,0.0650706,0.0046146
2883.54,0.0642544,0.00459561
2897.96,0.0594812,0.00443665
2912.45,0.0644209,0.00464459
2927.01,0.0621274,0.00456908
2941.65,0.0630678,0.00462161
2956.36,0.0694252,0.00486462
2971.14,0.0664559,0.00477029
2985.99,0.0636807,0.00468013
3000.92,0.0637151,0.00469719
3015.93,0.0663825,0.00480175
3031.01,0.0653108,0.00477328
3046.16,0.0703529,0.00495523
3061.39,0.073252,0.00507804
3076.7,0.0750853,0.00515136
3092.08,0.0693499,0.00496404
3107.54,0.0667609,0.00488499
3123.08,0.0633344,0.0047701
3138.7,0.0610945,0.0046969
3154.39,0.0672383,0.00494444
3170.16,0.0645983,0.00487239
3186.01,0.0672259,0.00498463
3201.94,0.0676433,0.00502307
3217.95,0.0615579,0.00479998
3234.04,0.0622144,0.00484263
3250.21,0.0662239,0.0050117
3266.47,0.0620146,0.00486223
3282.8,0.0643456,0.00495048
3299.21,0.0627285,0.00490765
3315.71,0.0674434,0.00510675
3332.29,0.065342,0.00505178
3348.95,0.0595996,0.00483391
3365.69,0.0585642,0.00480522
3382.52,0.0583845,0.00481739
3399.43,0.0597308,0.00488509
3416.43,0.0635622,0.00505061
3433.51,0.0645114,0.00510775
3450.68,0.0641034,0.00510164
3467.93,0.0606138,0.00497792
3485.27,0.0642059,0.00513856
3502.7,0.0604391,0.00500568
3520.21,0.0626305,0.00509647
3537.81,0.0619597,0.00509016
3555.5,0.0614664,0.00509109
3573.28,0.0532166,0.00474535
3591.15,0.0541014,0.00479252
3609.1,0.05733,0.00494776
3627.15,0.061328,0.00514339
3645.28,0.0592926,0.00508709
3663.51,0.0556459,0.00494353
3681.83,0.0599577,0.00511567
3700.24,0.057279,0.00503904
3718.74,0.0638483,0.00533161
3737.33,0.061514,0.00523961
3756.02,0.0612203,0.00525328
3774.8,0.0621342,0.00529965
3793.67,0.0668433,0.00551376
3812.64,0.0634493,0.00538827
3831.7,0.0623884,0.00535414
3850.86,0.06199,0.00535767
3870.12,0.0596537,0.00526394
3889.47,0.052579,0.0049678
3908.92,0.0555783,0.0051348
3928.46,0.0546155,0.00508908
3948.1,0.0592593,0.00532111
3967.84,0.0636494,0.0055468
3987.68,0.0646177,0.00560331
4007.62,0.0592089,0.00537504
4027.66,0.0627842,0.00553233
4047.8,0.0561093,0.00523444
4068.04,0.0592555,0.00542323
4088.38,0.0559703,0.00529354
4108.82,0.0559546,0.00528737
4129.36,0.0590781,0.00542417
4150.01,0.057775,0.00537159
4170.76,0.0540521,0.00521364
4191.61,0.0580084,0.00544881
4212.57,0.0630581,0.00569868
4233.63,0.0538799,0.00527426
4254.8,0.0592002,0.00555561
4276.08,0.0556059,0.00538216
4297.46,0.0627098,0.00572957
4318.94,0.0619633,0.00571797
4340.54,0.0575897,0.00553272
4362.24,0.0512116,0.00524095
4384.05,0.0548776,0.0054379
4405.97,0.0526645,0.00533923
4428,0.0628876,0.00584956
4450.14,0.0645941,0.00594196
4472.39,0.0561018,0.00554601
4494.75,0.0527998,0.00540246
4517.23,0.0540447,0.00548247
4539.81,0.0575747,0.00566494
4562.51,0.058755,0.00575607
4585.33,0.0603646,0.00587208
4608.25,0.0656515,0.0061385
4631.29,0.0634871,0.00605832
4654.45,0.0618248,0.00598249
4677.72,0.0680933,0.00627919
4701.11,0.0674167,0.00625513
4724.62,0.0662195,0.00622508
4748.24,0.069708,0.0063979
4771.98,0.0640319,0.00615307
4795.84,0.0706963,0.00648973
4819.82,0.0685781,0.00639874
4843.92,0.0671622,0.00635405
4868.14,0.0679438,0.00640898
4892.48,0.0619549,0.00614097
4916.94,0.0602631,0.00608271
4941.53,0.0648205,0.00631125
4966.23,0.0700318,0.00658577
4991.07,0.0634671,0.00627204
5016.02,0.064751,0.00637396
5041.1,0.0645802,0.00638538
5066.31,0.0590809,0.00611361
5091.64,0.0635947,0.00633696
5117.1,0.0613246,0.0062359
5142.68,0.054016,0.0058654
5168.4,0.0525102,0.005801
5194.24,0.0564083,0.00602838
5220.21,0.0626323,0.00639086
5246.31,0.0598142,0.00622481
5272.54,0.0570097,0.0061196
5298.9,0.0578464,0.00618221
5325.4,0.0545959,0.00600107
5352.03,0.0517622,0.00585474
5378.79,0.0599653,0.00632939
5405.68,0.0646382,0.00658689
5432.71,0.0666534,0.00671848
5459.87,0.0657702,0.00667475
5487.17,0.0626004,0.00651598
5514.61,0.0657785,0.00669369
5542.18,0.0677756,0.00682962
5569.89,0.0673149,0.00682553
5597.74,0.0633565,0.00663055
5625.73,0.0619532,0.00656239
5653.86,0.0668508,0.00683745
5682.13,0.0665835,0.00685271
5710.54,0.0656572,0.0068321
5739.09,0.0678608,0.00695487
5767.79,0.0685866,0.00699165
5796.62,0.0663438,0.00688494
5825.61,0.0619081,0.00668109
5854.74,0.0687623,0.00704975
5884.01,0.0670401,0.00700808
5913.43,0.0693532,0.00715089
5943,0.0702042,0.00719203
5972.71,0.0651714,0.00695099
6002.57,0.0663111,0.00705485
6032.59,0.0670156,0.00707843
6062.75,0.06518,0.00697889
6093.06,0.0640343,0.00692988
6123.53,0.0646856,0.00697876
6154.15,0.0694999,0.00728286
6184.92,0.0752164,0.00758469
6215.84,0.0599575,0.00678153
6246.92,0.054115,0.00645707
6278.16,0.0589962,0.00674842
6309.55,0.0606787,0.00684832
6341.09,0.0615893,0.00692289
6372.8,0.0641013,0.0071029
6404.66,0.0655129,0.00720857
6436.69,0.0654681,0.00722478
6468.87,0.0635826,0.00712371
6501.22,0.0550923,0.00663527
6533.72,0.0566313,0.00673294
6566.39,0.0581816,0.00683662
6599.22,0.060453,0.00698269
6632.22,0.0601981,0.00698037
6665.38,0.0611694,0.00705897
6698.71,0.0643115,0.00726855
6732.2,0.0667805,0.00743334
6765.86,0.0660485,0.00739753
6799.69,0.0651167,0.00740587
6833.69,0.0662364,0.00746303
6867.86,0.0625655,0.00727872
6902.2,0.0607874,0.00719927
6936.71,0.0663776,0.00755099
6971.39,0.056563,0.00696384
7006.25,0.0597145,0.00716315
7041.28,0.0655605,0.00751865
7076.49,0.0654441,0.00752469
7111.87,0.0666351,0.00758711
7147.43,0.0643137,0.00749166
7183.16,0.0642971,0.00751777
7219.08,0.0645206,0.00752941
7255.18,0.0594237,0.0072663
7291.45,0.0631097,0.00749278
7327.91,0.069525,0.00786402
7364.55,0.0827548,0.008599
7401.37,0.0745907,0.00818061
7438.38,0.0662643,0.00769365
7475.57,0.0604112,0.00734794
7512.95,0.0619116,0.00748715
7550.51,0.0655023,0.00773013
7588.26,0.0690732,0.00797228
7626.21,0.0718016,0.00817031
7664.34,0.0696087,0.00807165
7702.66,0.0696765,0.00806328
7741.17,0.0686687,0.00801692
7779.88,0.0702242,0.00813794
7818.78,0.07162,0.00820789
7857.87,0.0691414,0.00807668
7897.16,0.0720829,0.00825054
7936.65,0.0789668,0.00863375
7976.33,0.0830987,0.00891771
8016.21,0.0779482,0.00865051
8050.87,0.069633,0.009558