# X , Y , E Distribution=true

-20.1034,0.0028212,0.000998062
-19.9824,0.00253638,0.000951028
-19.8614,0.00359199,0.00112756
-19.7404,0.00347312,0.00111457
-19.6194,0.00710921,0.00159049
-19.4985,0.00463613,0.00128673
-19.3775,0.00324237,0.00108124
-19.2565,0.00659596,0.00155523
-19.1355,0.00614153,0.00149013
-19.0145,0.00472724,0.00131189
-18.8935,0.00545426,0.00140847
-18.7726,0.00295413,0.00103906
-18.6516,0.00467078,0.00129287
-18.5306,0.00605087,0.00147611
-18.4096,0.00706722,0.00159904
-18.2886,0.00923781,0.00183572
-18.1676,0.00402683,0.00121132
-18.0467,0.0059265,0.00146246
-17.9257,0.0031218,0.00106814
-17.8047,0.00511418,0.0013682
-17.6837,0.00442726,0.00127938
-17.5627,0.00402736,0.00121517
-17.4417,0.0102428,0.00193673
-17.3208,0.00915142,0.00183343
-17.1998,0.00709191,0.00162846
-17.0788,0.00462797,0.00130749
-16.9578,0.00690898,0.00161011
-16.8368,0.00627218,0.00152226
-16.7158,0.0108204,0.00201214
-16.5949,0.0223287,0.00294036
-16.4739,0.0334916,0.0036246
-16.3529,0.032115,0.00353887
-16.2319,0.0309207,0.00346391
-16.1109,0.0353026,0.00372135
-15.9899,0.0260852,0.00320707
-15.869,0.0457739,0.00423006
-15.748,0.0532621,0.00459333
-15.627,0.0368874,0.00380929
-15.506,0.0568511,0.00473189
-15.385,0.0350153,0.00370854
-15.264,0.0362126,0.00377027
-15.1431,0.0247171,0.00309828
-15.0221,0.0241415,0.003072
-14.9011,0.06151,0.00493147
-14.7801,0.0536052,0.00459146
-14.6591,0.0488919,0.00438515
-14.5381,0.0520675,0.00453164
-14.4172,0.0520003,0.00453668
-14.2962,0.0465501,0.00429125
-14.1752,0.0401489,0.0039831
-14.0542,0.038022,0.00386236
-13.9332,0.0370174,0.00383538
-13.8122,0.0469341,0.00432584
-13.6913,0.045202,0.00424988
-13.5703,0.0465425,0.00432361
-13.4493,0.0576804,0.00480037
-13.3283,0.0432253,0.00415493
-13.2073,0.0507648,0.0045248
-13.0863,0.045583,0.00427341
-12.9654,0.0503448,0.00449729
-12.8444,0.0568732,0.00477701
-12.7234,0.0510657,0.00453109
-12.6024,0.0587439,0.00484809
-12.4814,0.0572238,0.00478143
-12.3604,0.0636907,0.00505774
-12.2395,0.0687175,0.00526241
-12.1185,0.0566724,0.0047537
-11.9975,0.057113,0.00478286
-11.8765,0.0628153,0.00500836
-11.7555,0.0837294,0.00577388
-11.6345,0.070259,0.00530648
-11.5136,0.0776417,0.00557634
-11.3926,0.0715062,0.00536225
-11.2716,0.0738659,0.00542666
-11.1506,0.0666997,0.00516899
-11.0296,0.067776,0.00521387
-10.9086,0.0763141,0.00553235
-10.7877,0.0694679,0.00526927
-10.6667,0.0774645,0.00557176
-10.5457,0.0754305,0.00549598
-10.4247,0.0869605,0.00589564
-10.3037,0.0726592,0.0053976
-10.1828,0.0913486,0.00603515
-10.0618,0.0807403,0.00568612
-9.94078,0.089813,0.00598057
-9.8198,0.0918735,0.00606567
-9.69882,0.0976422,0.00625182
-9.57783,0.105079,0.00650162
-9.45685,0.0972834,0.00623654
-9.33587,0.0993883,0.00631893
-9.21488,0.0990864,0.00630092
-9.0939,0.102806,0.00641605
-8.97292,0.105083,0.00648708
-8.85194,0.117773,0.00687473
-8.73095,0.107811,0.00657189
-8.60997,0.116443,0.0068268
-8.48899,0.115377,0.00680808
-8.368,0.130424,0.00724021
-8.24702,0.11926,0.00692491
-8.12604,0.137716,0.0074294
-8.00505,0.123839,0.00704466
-7.88407,0.138287,0.00745552
-7.76309,0.160225,0.00802451
-7.6421,0.141826,0.00753601
-7.52112,0.152181,0.00782665
-7.40014,0.144564,0.0076224
-7.27915,0.155502,0.00791454
-7.15817,0.169457,0.00825808
-7.03719,0.158172,0.00797092
-6.9162,0.168761,0.00823973
-6.79522,0.184286,0.00862288
-6.67424,0.169064,0.00824005
-6.55326,0.165472,0.00815637
-6.43227,0.181273,0.00854217
-6.31129,0.181703,0.00855059
-6.19031,0.194184,0.00883597
-6.06932,0.199736,0.00898122
-5.94834,0.199883,0.00896633
-5.82736,0.242433,0.00986943
-5.70637,0.217377,0.00934148
-5.58539,0.225705,0.00951765
-5.46441,0.243902,0.00990846
-5.34342,0.257534,0.0101745
-5.22244,0.270953,0.0104284
-5.10146,0.30041,0.0109806
-4.98047,0.297076,0.010922
-4.85949,0.314212,0.0112229
-4.73851,0.332322,0.0115354
-4.61752,0.352347,0.0118692
-4.49654,0.38292,0.0123645
-4.37556,0.415351,0.01285
-4.25457,0.49105,0.0139717
-4.13359,0.54189,0.0146659
-4.01261,0.641919,0.0159601
-3.89163,0.771966,0.0175032
-3.77064,0.938361,0.0193018
-3.64966,1.1462,0.0213253
-3.52868,1.47104,0.0241686
-3.40769,1.85081,0.0271189
-3.28671,2.28361,0.0301253
-3.16573,2.70544,0.0327905
-3.04474,3.21009,0.0357293
-2.92376,3.90074,0.0393934
-2.80278,4.59095,0.0427246
-2.68179,5.31792,0.0459897
-2.56081,6.0562,0.0490766
-2.43983,7.0047,0.0527661
-2.31884,8.10114,0.0567302
-2.19786,9.31302,0.0608291
-2.07688,10.8235,0.0655866
-1.95589,12.3112,0.0699708
-1.83491,13.9619,0.074587
-1.71393,15.817,0.0794593
-1.59295,18.0186,0.0848859
-1.47196,20.0187,0.0895771
-1.35098,22.6234,0.0953846
-1.23,24.7962,0.0999685
-1.10901,27.3763,0.105243
-0.988029,30.1582,0.110667
-0.867046,32.6893,0.115466
-0.746063,35.5332,0.120655
-0.62508,37.7609,0.12464
-0.504097,39.7545,0.128117
-0.383113,40.7592,0.129937
-0.26213,40.9566,0.130444
-0.141147,39.9294,0.128926
-0.0201639,37.7752,0.125509
0.100819,34.8138,0.120547
0.221802,31.3853,0.114506
0.342786,27.5894,0.107401
0.463769,23.7895,0.0997397
0.584752,19.8443,0.0910868
0.705735,16.543,0.0831615
0.826718,13.7184,0.0757105
0.947701,11.3277,0.0687845
1.06868,9.34692,0.0624905
1.18967,7.98146,0.0577277
1.31065,6.82929,0.053387
1.43163,6.0597,0.0502965
1.55262,5.41837,0.0475619
1.6736,4.88593,0.0451772
1.79458,4.50567,0.0434015
1.91557,4.24769,0.0421318
2.03655,4.03598,0.0410858
2.15753,3.89897,0.0403785
2.27852,3.84613,0.0401111
2.3995,3.69958,0.0393607
2.52048,3.57315,0.03869
2.64147,3.54224,0.0385464
2.76245,3.54572,0.0385798
2.88343,3.52601,0.0384859
3.00442,3.52083,0.0384672
3.1254,3.53007,0.0385404
3.24638,3.4637,0.0381794
3.36736,3.41502,0.037931
3.48835,3.4229,0.0379879
3.60933,3.30742,0.0373648
3.73031,3.26755,0.0371558
3.8513,3.13842,0.0364238
3.97228,3.07907,0.0360923
4.09326,2.92904,0.0352141
4.21425,2.77207,0.0342853
4.33523,2.62591,0.0333787
4.45621,2.53127,0.0327824
4.5772,2.39304,0.0319007
4.69818,2.20166,0.0306122
4.81916,2.04087,0.0294883
4.94015,1.9511,0.0288539
5.06113,1.81972,0.0278806
5.18211,1.6999,0.0269613
5.3031,1.56287,0.0258698
5.42408,1.42357,0.0247134
5.54506,1.38489,0.024398
5.66605,1.2658,0.0233343
5.78703,1.21314,0.0228603
5.90801,1.14177,0.0221844
6.02899,1.1311,0.022092
6.14998,1.10975,0.0218923
6.27096,1.08231,0.0216265
6.39194,1.01074,0.0209071
6.51293,0.976043,0.0205518
6.63391,0.953277,0.0203271
6.75489,0.955252,0.0203682
6.87588,0.938543,0.0202005
6.99686,0.884153,0.0196175
7.11784,0.925089,0.020079
7.23883,0.965123,0.0205198
7.35981,0.935708,0.0202034
7.48079,0.938547,0.0202497
7.60178,0.924807,0.0201067
7.72276,0.942292,0.020303
7.84374,0.970189,0.0206183
7.96473,0.961128,0.0205245
8.08571,0.915642,0.0200517
8.20669,0.923248,0.020146
8.32767,0.854252,0.0193951
8.44866,0.753716,0.0182385
8.56964,0.713227,0.0177538
8.69062,0.661379,0.0171171
8.81161,0.636628,0.0168091
8.93259,0.56003,0.0157884
9.05357,0.521432,0.0152433
9.17456,0.484089,0.0147173
9.29554,0.467698,0.014473
9.41652,0.435622,0.0139852
9.53751,0.402073,0.0134502
9.65849,0.393782,0.0133271
9.77947,0.352983,0.0126341
9.90046,0.354678,0.0126787
10.0214,0.3051,0.0117714
10.1424,0.332354,0.0123049
10.2634,0.288942,0.0114798
10.3844,0.309016,0.0118712
10.5054,0.283038,0.0113762
10.6264,0.295169,0.0116346
10.7473,0.283078,0.0114023
10.8683,0.271728,0.0111788
10.9893,0.279114,0.0113421
11.1103,0.250918,0.0107665
11.2313,0.252545,0.0108099
11.3523,0.266062,0.0111009
11.4732,0.258689,0.0109535
11.5942,0.280003,0.0114022
11.7152,0.258454,0.0109682
11.8362,0.239874,0.0105764
11.9572,0.227407,0.0103016
12.0782,0.244712,0.0107041
12.1991,0.222564,0.0102166
12.3201,0.220787,0.0101834
12.4411,0.210043,0.00994852
12.5621,0.224711,0.0102991
12.6831,0.203836,0.00981661
12.8041,0.221445,0.0102404
12.925,0.219266,0.0102073
13.046,0.215327,0.0101165
13.167,0.223677,0.0103257
13.288,0.189888,0.00952074
13.409,0.215203,0.0101588
13.53,0.206542,0.00994927
13.6509,0.190956,0.00957455
13.7719,0.188026,0.00950029
13.8929,0.183099,0.0093887
14.0139,0.163609,0.00887822
14.1349,0.158256,0.00873117
14.2559,0.177185,0.0092467
14.3768,0.179234,0.00932232
14.4978,0.167418,0.00900119
14.6188,0.15348,0.00863054
14.7398,0.146716,0.00843912
14.8608,0.13825,0.00819776
14.9817,0.133471,0.00804703
15.1027,0.124573,0.00779482
15.2237,0.125214,0.00781835
15.3447,0.132074,0.00802815
15.4657,0.121721,0.00771487
15.5867,0.12238,0.00774116
15.7076,0.117933,0.0075952
15.8286,0.10284,0.00709742
15.9496,0.105496,0.00719481
16.0706,0.114873,0.00751457
16.1916,0.095541,0.00685696
16.3126,0.101988,0.00708692
16.4335,0.0929874,0.00676666
16.5545,0.0915426,0.00671372
16.6755,0.0946504,0.00684965
16.7965,0.0961045,0.0068928
16.9175,0.0943148,0.00683829
17.0385,0.0891151,0.00665579
17.1594,0.091007,0.00672818
17.2804,0.0737183,0.00606263
17.4014,0.0735369,0.00605578
17.5224,0.0818745,0.00640582
17.6434,0.0805965,0.00636293
17.7644,0.0758341,0.00616869
17.8853,0.0790771,0.00630416
18.0063,0.0800218,0.00635243
18.1273,0.0702655,0.00596386
18.2483,0.0708196,0.00597858
18.3693,0.0684889,0.00588279
18.4903,0.0608532,0.00554485
18.6112,0.0662581,0.00580421
18.7322,0.0716047,0.00602104
18.8532,0.073415,0.0061146
18.9742,0.0760672,0.00621164
19.0952,0.0681456,0.00588599
19.2162,0.0633354,0.00569321
19.3371,0.0556724,0.0053224
19.4581,0.0589346,0.00549448
19.5791,0.062404,0.00565387
19.7001,0.069888,0.00598849
19.8211,0.0640793,0.00572463
19.9421,0.0482668,0.00498536
20.063,0.0547716,0.00531407
20.184,0.0553733,0.0053389
20.305,0.0592786,0.00553797
20.426,0.061717,0.00564874
20.547,0.064638,0.00577458
20.668,0.0654319,0.00579953
20.7889,0.0594571,0.00555364
20.9099,0.0661119,0.00586127
21.0309,0.0596502,0.00555943
21.1519,0.0548939,0.00533767
21.2729,0.0609304,0.00561918
21.3939,0.0622339,0.00569442
21.5148,0.0644606,0.00580134
21.6358,0.0652748,0.0058361
21.7568,0.061865,0.00568301
21.8778,0.0545045,0.00533222
21.9988,0.0536532,0.00530262
22.1198,0.0590332,0.00556129
22.2407,0.0574717,0.00549494
22.3617,0.0645941,0.00582297
22.4827,0.057526,0.00549998
22.6037,0.053266,0.00529226
22.7247,0.0596105,0.00561373
22.8457,0.0611854,0.00568051
22.9666,0.0497025,0.00511449
23.0876,0.0586527,0.0055775
23.2086,0.0560972,0.00544924
23.3296,0.0610545,0.00569083
23.4506,0.0579549,0.00555119
23.5716,0.0587355,0.00559443
23.6925,0.0674773,0.0059928
23.8135,0.0591329,0.00560382
23.9345,0.0625396,0.00577773
24.0555,0.0476891,0.00504905
24.1563,0.0721321,0.0076173
24.2571,0.0544004,0.00279331
24.3784,0.0612618,0.00295388
24.5003,0.0537166,0.00277055
24.6228,0.0533843,0.00275222
24.7459,0.0578678,0.00285343
24.8696,0.056565,0.00281053
24.994,0.0534087,0.00272968
25.119,0.0581219,0.00284041
25.2446,0.0560776,0.00277514
25.3708,0.0520021,0.00266395
25.4976,0.0553577,0.0027351
25.6251,0.0558954,0.00275517
25.7533,0.0584813,0.00281235
25.882,0.0527469,0.00266284
26.0114,0.0557847,0.00272888
26.1415,0.0508532,0.0025948
26.2722,0.0544028,0.00268372
26.4036,0.0532865,0.00263977
26.5356,0.0567921,0.00271686
26.6682,0.0577252,0.00273609
26.8016,0.0592948,0.00276728
26.9356,0.0555563,0.0026664
27.0703,0.0519962,0.00258482
27.2056,0.0533077,0.00259763
27.3417,0.0584678,0.00272583
27.4784,0.0570316,0.00268558
27.6158,0.0584087,0.00270301
27.7538,0.0595981,0.0027299
27.8926,0.0570938,0.00266327
28.0321,0.0527397,0.00255094
28.1722,0.0538909,0.00258088
28.3131,0.0591166,0.00269524
28.4547,0.0519897,0.00252012
28.5969,0.0558924,0.00260977
28.7399,0.0626669,0.00275616
28.8836,0.0568554,0.00261539
29.028,0.0567156,0.00261125
29.1732,0.0554761,0.00256874
29.319,0.0523554,0.0024934
29.4656,0.0567461,0.00258699
29.613,0.0587935,0.00263594
29.761,0.0587198,0.00261777
29.9098,0.0608949,0.00266569
30.0594,0.0594244,0.00262352
30.2097,0.0569398,0.00256688
30.3607,0.0577193,0.00257869
30.5125,0.0569999,0.00256015
30.6651,0.0548684,0.00250477
30.8184,0.0567255,0.00254388
30.9725,0.060695,0.002626
31.1274,0.060402,0.00261096
31.283,0.0566735,0.00252135
31.4394,0.060177,0.00259438
31.5966,0.0583732,0.0025536
31.7546,0.0588514,0.00256163
31.9134,0.0614633,0.00260734
32.0729,0.0605134,0.00258305
32.2333,0.0581583,0.0025289
32.3945,0.0575947,0.00250968
32.5564,0.0599164,0.00255998
32.7192,0.0581065,0.002507
32.8828,0.0548171,0.00243196
33.0472,0.0533985,0.00239316
33.2125,0.055475,0.00243812
33.3785,0.0534769,0.00239146
33.5454,0.0530287,0.00237865
33.7132,0.0532345,0.00237028
33.8817,0.0489366,0.00226764
34.0511,0.0501512,0.00229663
34.2214,0.0540192,0.00237466
34.3925,0.047841,0.00222465
34.5645,0.0477554,0.002226
34.7373,0.0500283,0.00226595
34.911,0.0500904,0.00226455
35.0855,0.046844,0.00218279
35.2609,0.0485256,0.00221946
35.4373,0.0473477,0.0021904
35.6144,0.0488032,0.00221907
35.7925,0.0489596,0.0022157
35.9715,0.0518144,0.00227428
36.1513,0.0510338,0.00224688
36.3321,0.0465185,0.00214213
36.5137,0.0496132,0.00220536
36.6963,0.0488176,0.00218514
36.8798,0.0520937,0.00225504
37.0642,0.0547321,0.0023064
37.2495,0.0493249,0.00218657
37.4358,0.0476819,0.00214458
37.6229,0.0521458,0.00223409
37.8111,0.0474802,0.00212829
38.0001,0.0504332,0.00218888
38.1901,0.0552637,0.00228787
38.3811,0.0536463,0.00224654
38.573,0.0498147,0.00216288
38.7658,0.0521359,0.00220522
38.9597,0.0477669,0.00211139
39.1545,0.0511664,0.00217182
39.3502,0.0539348,0.00222743
39.547,0.0524891,0.0021955
39.7447,0.0516281,0.00216948
39.9434,0.0522086,0.00217963
40.1432,0.0562072,0.00225992
40.3439,0.0514992,0.00215476
40.5456,0.0521477,0.00216727
40.7483,0.0541071,0.00220194
40.9521,0.0545953,0.00220312
41.1568,0.0550829,0.00221004
41.3626,0.0524119,0.00214926
41.5694,0.0532141,0.0021635
41.7773,0.0543005,0.00218616
41.9862,0.0507347,0.00210463
42.1961,0.058534,0.00225523
42.4071,0.0589655,0.00225822
42.6191,0.0591851,0.00225996
42.8322,0.0610322,0.00229327
43.0464,0.0577244,0.0022223
43.2616,0.0554593,0.00217154
43.4779,0.0545559,0.00215171
43.6953,0.0559229,0.0021773
43.9138,0.0563176,0.00217856
44.1333,0.0529837,0.002108
44.354,0.0526166,0.00209533
44.5758,0.0535378,0.00211089
44.7987,0.0511858,0.00205687
45.0226,0.0554571,0.00213585
45.2478,0.0515605,0.00205555
45.474,0.051221,0.00204256
45.7014,0.0519409,0.00205615
45.9299,0.0525365,0.00206052
46.1595,0.0517048,0.00204044
46.3903,0.0538442,0.00207831
46.6223,0.053473,0.00206699
46.8554,0.0520416,0.00203511
47.0897,0.0563656,0.00211601
47.3251,0.0531208,0.00204979
47.5617,0.0563392,0.00210627
47.7995,0.0583014,0.00213692
48.0385,0.0610843,0.00218263
48.2787,0.0585769,0.00213759
48.5201,0.0604954,0.00216454
48.7627,0.0589941,0.00213805
49.0065,0.0611461,0.00217089
49.2516,0.0624937,0.00218905
49.4978,0.0606582,0.00215137
49.7453,0.0569468,0.00208316
49.994,0.0575995,0.0020897
50.244,0.0596752,0.00212377
50.4952,0.0573125,0.00207475
50.7477,0.0559758,0.00204665
51.0015,0.050691,0.0019451
51.2565,0.0540816,0.00200422
51.5127,0.0557742,0.0020336
51.7703,0.0546361,0.00200974
52.0292,0.0544135,0.00199943
52.2893,0.0547696,0.00200263
52.5507,0.0540218,0.00198568
52.8135,0.051266,0.00193133
53.0776,0.0541101,0.00198304
53.343,0.0528153,0.00195174
53.6097,0.0501168,0.00190089
53.8777,0.0583503,0.00204946
54.1471,0.0568025,0.00201658
54.4178,0.053816,0.00196082
54.6899,0.0557955,0.00199157
54.9634,0.0551724,0.00197904
55.2382,0.0594443,0.00204854
55.5144,0.0576865,0.00201525
55.792,0.0602038,0.00205764
56.0709,0.059952,0.00204719
56.3513,0.0540455,0.0019427
56.633,0.0569866,0.00198887
56.9162,0.058815,0.00201868
57.2008,0.061995,0.00207107
57.4868,0.0559894,0.00196216
57.7742,0.0584052,0.00200339
58.0631,0.0586038,0.00200296
58.3534,0.0558768,0.00195046
58.6452,0.0599224,0.00201998
58.9384,0.0623938,0.00205603
59.2331,0.0613947,0.00203702
59.5293,0.0643535,0.00207961
59.8269,0.0613508,0.00202733
60.126,0.0615388,0.00202634
60.4267,0.064639,0.00207354
60.7288,0.0651543,0.00207782
61.0324,0.063779,0.00205366
61.3376,0.0585989,0.00196517
61.6443,0.0642756,0.00205586
61.9525,0.0647247,0.00205946
62.2623,0.0643065,0.00205
62.5736,0.0652133,0.00206109
62.8865,0.0664306,0.00207701
63.2009,0.0632876,0.00202369
63.5169,0.067067,0.00208113
63.8345,0.0635677,0.00202185
64.1537,0.0637574,0.00202223
64.4744,0.060879,0.00197314
64.7968,0.0641327,0.00202158
65.1208,0.0637514,0.00201174
65.4464,0.0687006,0.00208512
65.7736,0.0691171,0.00208927
66.1025,0.0718252,0.00212762
66.433,0.0714614,0.00212085
66.7652,0.0736451,0.00214905
67.099,0.0723784,0.0021302
67.4345,0.0768366,0.00219144
67.7716,0.0773525,0.00219728
68.1105,0.0722256,0.00212146
68.4511,0.0732165,0.00213412
68.7933,0.0763523,0.0021752
69.1373,0.0721003,0.00211133
69.483,0.0742562,0.00214203
69.8304,0.0779294,0.00219158
70.1795,0.0782008,0.00219555
70.5304,0.0835982,0.00226815
70.8831,0.0862519,0.0023015
71.2375,0.0865358,0.00230668
71.5937,0.0898593,0.00234534
71.9517,0.0894036,0.00233744
72.3114,0.094903,0.00240714
72.673,0.0991115,0.00246013
73.0363,0.101562,0.0024907
73.4015,0.100677,0.00247621
73.7685,0.103353,0.00250595
74.1374,0.0957435,0.00241008
74.5081,0.0952386,0.00239784
74.8806,0.0845903,0.00225445
75.255,0.0860069,0.00226839
75.6313,0.0768495,0.00213829
76.0094,0.0761248,0.00212879
76.3895,0.0732375,0.0020822
76.7714,0.0696803,0.00202814
77.1553,0.0684559,0.00200862
77.5411,0.0702756,0.00202901
77.9288,0.0661578,0.00196621
78.3184,0.0647883,0.00194196
78.71,0.0662584,0.00196102
79.1035,0.0682425,0.00198569
79.4991,0.0693784,0.00199907
79.8966,0.0704433,0.00201116
80.296,0.0667424,0.00195404
80.6975,0.0693453,0.0019887
81.101,0.068557,0.00197351
81.5065,0.06956,0.00198511
81.9141,0.0660682,0.00193305
82.3236,0.0683639,0.00196275
82.7352,0.0678461,0.00195304
83.1489,0.0663487,0.00193062
83.5647,0.0643811,0.00189784
83.9825,0.0638179,0.00188939
84.4024,0.0647922,0.00190039
84.8244,0.0649606,0.00189965
85.2485,0.0645533,0.00189329
85.6748,0.0643431,0.00188565
86.1031,0.0632168,0.00186779
86.5337,0.0622405,0.00185027
86.9663,0.0665471,0.00190981
87.4012,0.0659705,0.00189914
87.8382,0.0676291,0.00191895
88.2774,0.0715742,0.00197245
88.7187,0.0728856,0.00198783
89.1623,0.0731093,0.0019897
89.6082,0.0771977,0.00203888
90.0562,0.0815175,0.0020931
90.5065,0.0772809,0.00203504
90.959,0.0786322,0.00205052
91.4138,0.0753166,0.00200312
91.8709,0.0816874,0.00208369
92.3302,0.0812043,0.00207337
92.7919,0.0805737,0.00206089
93.2558,0.082969,0.00208874
93.7221,0.0799837,0.00204794
94.1907,0.0843123,0.00209996
94.6617,0.0886893,0.00214749
95.135,0.0914013,0.00217956
95.6107,0.0936465,0.00220439
96.0887,0.0898031,0.00215706
96.5692,0.08454,0.0020876
97.052,0.0809341,0.00204055
97.5373,0.0814394,0.00204174
98.0249,0.0811517,0.00203327
98.5151,0.0775278,0.00198364
99.0076,0.0823369,0.0020413
99.5027,0.0812398,0.00202375
100,0.0822117,0.00203305
100.5,0.083566,0.00204691
101.003,0.0883494,0.00210341
101.508,0.0885194,0.00210294
102.015,0.0876717,0.00209273
102.525,0.0911307,0.00213123
103.038,0.0958658,0.00218437
103.553,0.0892602,0.00210465
104.071,0.0911723,0.00212643
104.591,0.0922087,0.00213658
105.114,0.0873846,0.0020775
105.64,0.0904719,0.00211202
106.168,0.0926815,0.00213312
106.699,0.0952943,0.00215998
107.232,0.0903546,0.0021036
107.768,0.090146,0.00209972
108.307,0.0900367,0.002094
108.849,0.0875987,0.00206324
109.393,0.0838451,0.00201511
109.94,0.0833747,0.00200727
110.49,0.0800551,0.00196269
111.042,0.0854347,0.00202714
111.597,0.0846545,0.00201675
112.155,0.0834846,0.00200059
112.716,0.0801479,0.00195818
113.28,0.0744396,0.00188565
113.846,0.0738383,0.00187624
114.415,0.0762971,0.00190566
114.987,0.0794657,0.00194097
115.562,0.0826798,0.00197884
116.14,0.0857539,0.00201335
116.721,0.0909153,0.00207169
117.305,0.0936156,0.00209939
117.891,0.0988755,0.0021583
118.481,0.0943257,0.00210641
119.073,0.0961586,0.00212522
119.668,0.09424,0.00210391
120.267,0.0964979,0.00212893
120.868,0.0972897,0.00213576
121.472,0.0989039,0.00215187
122.08,0.100906,0.00217356
122.69,0.0981713,0.00214232
123.304,0.100615,0.00216809
123.92,0.0941975,0.0020964
124.54,0.0980399,0.00213677
125.162,0.0977067,0.0021296
125.788,0.0935464,0.00208268
126.417,0.096427,0.0021141
127.049,0.0953021,0.00210129
127.684,0.0964579,0.00211084
128.323,0.0939046,0.00208044
128.964,0.0993359,0.00213949
129.609,0.100324,0.00214782
130.257,0.10332,0.00217796
130.909,0.111248,0.00225862
131.563,0.110566,0.00225012
132.221,0.115422,0.00229661
132.882,0.115277,0.00229428
133.546,0.11692,0.00230993
134.214,0.11579,0.00229653
134.885,0.121404,0.00235109
135.56,0.123019,0.00236641
136.238,0.127692,0.00240892
136.919,0.126579,0.00239607
137.603,0.124885,0.00237789
138.291,0.13153,0.00243831
138.983,0.130432,0.00242874
139.678,0.132979,0.00244993
140.376,0.139298,0.00250391
141.078,0.13953,0.00250536
141.783,0.141997,0.00252423
142.492,0.148928,0.00258483
143.205,0.153868,0.0026262
143.921,0.1589,0.00266832
144.64,0.157583,0.00265594
145.364,0.158235,0.00266014
146.09,0.153652,0.00262078
146.821,0.161315,0.00268232
147.555,0.159151,0.00266368
148.293,0.166782,0.0027233
149.034,0.164119,0.00270151
149.779,0.170427,0.0027517
150.528,0.17631,0.00279744
151.281,0.176315,0.00279711
152.037,0.171435,0.00275594
152.797,0.177205,0.00280289
153.561,0.177202,0.00279968
154.329,0.169511,0.00273795
155.101,0.174731,0.00277778
155.876,0.177233,0.0027965
156.656,0.17201,0.00275547
157.439,0.171836,0.00275258
158.226,0.16623,0.00270495
159.017,0.158851,0.00264426
159.812,0.154215,0.00260459
160.612,0.158002,0.00263433
161.415,0.151548,0.00258071
162.222,0.153275,0.00259442
163.033,0.149842,0.00256644
163.848,0.150971,0.00257467
164.667,0.146813,0.00253834
165.491,0.146411,0.00253533
166.318,0.15487,0.00260988
167.15,0.149824,0.0025674
167.985,0.148662,0.00255642
168.825,0.150163,0.00256919
169.669,0.151724,0.00258324
170.518,0.147517,0.0025468
171.37,0.145956,0.00253355
172.227,0.146484,0.0025383
173.088,0.143565,0.00251474
173.954,0.142781,0.00250665
174.823,0.132396,0.00241184
175.698,0.128806,0.00238084
176.576,0.124907,0.00234307
177.459,0.117667,0.00227593
178.346,0.120087,0.00229805
179.238,0.119207,0.00228841
180.134,0.116658,0.00226301
181.035,0.115729,0.00225404
181.94,0.118632,0.00228364
182.85,0.11705,0.00226764
183.764,0.124983,0.00234164
184.683,0.125018,0.00234156
185.606,0.127559,0.00236425
186.534,0.128241,0.00237031
187.467,0.13737,0.00245302
188.404,0.139356,0.00247056
189.346,0.137997,0.00245779
190.293,0.140317,0.00248069
191.244,0.136305,0.00244275
192.201,0.131024,0.00239589
193.162,0.120146,0.00229348
194.128,0.114786,0.00224164
195.098,0.109739,0.00219093
196.074,0.110808,0.00220303
197.054,0.107148,0.00216614
198.039,0.105837,0.00215121
199.029,0.105597,0.00214979
200.025,0.106825,0.00216002
201.025,0.111533,0.00221012
202.03,0.112743,0.00222239
203.04,0.114988,0.00224274
204.055,0.118738,0.00228056
205.075,0.122064,0.00231123
206.101,0.125798,0.00234699
207.131,0.116951,0.00226052
208.167,0.115967,0.00225343
209.208,0.112961,0.00222473
210.254,0.107946,0.00217432
211.305,0.105297,0.00214798
212.362,0.105284,0.00214832
213.424,0.102875,0.00212372
214.491,0.100994,0.00210426
215.563,0.105264,0.00215029
216.641,0.100635,0.00210171
217.724,0.10676,0.00216607
218.813,0.106235,0.00216229
219.907,0.10645,0.00216493
221.006,0.115752,0.00225851
222.111,0.118256,0.00228568
223.222,0.128693,0.00238424
224.338,0.134587,0.00244118
225.46,0.131713,0.00241534
226.587,0.130053,0.00240116
227.72,0.123447,0.00233691
228.859,0.123161,0.00233205
230.003,0.124626,0.00234252
231.153,0.132323,0.00241345
232.309,0.128156,0.00237602
233.47,0.123011,0.00232624
234.638,0.125566,0.00235071
235.811,0.126468,0.0023598
236.99,0.13049,0.00239715
238.175,0.132199,0.00241302
239.366,0.132156,0.00241242
240.562,0.129995,0.00239358
241.765,0.128191,0.0023785
242.974,0.124949,0.00234722
244.189,0.117142,0.0022722
245.41,0.127842,0.00237605
246.637,0.134549,0.00243564
247.87,0.144723,0.00252719
249.109,0.135208,0.00244286
250.355,0.121644,0.00231885
251.607,0.111338,0.00221826
252.865,0.103253,0.00213561
254.129,0.0967455,0.00206798
255.4,0.0983479,0.002083
256.677,0.10074,0.00210955
257.96,0.101833,0.00211973
259.25,0.103532,0.0021369
260.546,0.104732,0.00215105
261.849,0.101421,0.00211705
263.158,0.101936,0.00212404
264.474,0.0988912,0.00209012
265.796,0.100506,0.00210878
267.125,0.104464,0.00214876
268.461,0.111177,0.00221863
269.803,0.107955,0.00218618
271.152,0.111129,0.00221997
272.508,0.10956,0.00220492
273.871,0.115905,0.0022681
275.24,0.127546,0.00238011
276.616,0.141102,0.00250478
277.999,0.150307,0.00258612
279.389,0.149011,0.00257504
280.786,0.146392,0.00255582
282.19,0.150798,0.00259407
283.601,0.158264,0.002659
285.019,0.156693,0.00264983
286.444,0.153904,0.00262778
287.876,0.157732,0.00266055
289.316,0.154785,0.00263857
290.762,0.155686,0.00264803
292.216,0.155167,0.00264661
293.677,0.157844,0.00267067
295.146,0.154989,0.00264797
296.621,0.141015,0.00252799
298.104,0.130575,0.00243503
299.595,0.11765,0.00231254
301.093,0.111965,0.00225916
302.598,0.116844,0.00231029
304.111,0.109569,0.00223763
305.632,0.111148,0.00225723
307.16,0.110113,0.00224998
308.696,0.10795,0.00223003
310.239,0.110641,0.00225989
311.791,0.110049,0.00225756
313.35,0.112369,0.00228365
314.916,0.1126,0.00228685
316.491,0.110233,0.00226798
318.073,0.11597,0.00232948
319.664,0.118902,0.00236266
321.262,0.125107,0.00242286
322.868,0.134198,0.00251494
324.483,0.119634,0.00237908
326.105,0.0954179,0.00212856
327.736,0.0800624,0.0019516
329.374,0.073641,0.0018754
331.021,0.0769344,0.0019183
332.676,0.0828693,0.00199367
334.34,0.0855697,0.00202841
336.011,0.0791075,0.00195309
337.691,0.070387,0.00184565
339.38,0.0699656,0.00184348
341.077,0.078535,0.00195392
342.782,0.0854784,0.00204164
344.496,0.0921635,0.00212073
346.218,0.0943718,0.00214768
347.95,0.0967765,0.00217908
349.689,0.091789,0.002123
351.438,0.0812086,0.00199898
353.195,0.0814238,0.00200633
354.961,0.0735099,0.00190925
356.736,0.0757916,0.0019395
358.519,0.0799132,0.00199469
360.312,0.07186,0.00189446
362.114,0.0670829,0.00183521
363.924,0.0670668,0.00183805
365.744,0.0739036,0.00193153
367.572,0.0756831,0.00195299
369.41,0.0721199,0.00191178
371.257,0.0675175,0.00185366
373.114,0.0593914,0.00174204
374.979,0.0564659,0.00170228
376.854,0.0555544,0.00169104
378.738,0.0538738,0.00166771
380.632,0.0592763,0.00175155
382.535,0.0605695,0.00177208
384.448,0.0692944,0.00189953
386.37,0.072665,0.00194942
388.302,0.0886218,0.00215361
390.244,0.0997733,0.00228822
392.195,0.0978788,0.0022688
394.156,0.0992153,0.00228773
396.127,0.103042,0.00233912
398.107,0.103246,0.00234343
400.098,0.110019,0.00242279
402.098,0.10981,0.00242174
404.109,0.103456,0.00235761
406.129,0.0927574,0.00223479
408.16,0.0879031,0.00218281
410.201,0.0825013,0.00211822
412.252,0.0750955,0.00202225
414.313,0.0714525,0.00198057
416.384,0.0682802,0.00194032
418.466,0.0619562,0.00185293
420.559,0.065238,0.00190336
422.662,0.0659294,0.00191499
424.775,0.0661496,0.00192488
426.899,0.0695446,0.00197787
429.033,0.0696818,0.00198073
431.178,0.0636356,0.00190008
433.334,0.0628324,0.00189243
435.501,0.0650403,0.00192857
437.678,0.0612482,0.00187613
439.867,0.0610212,0.00187686
442.066,0.0631435,0.00191216
444.276,0.0620411,0.00190245
446.498,0.064111,0.00193503
448.73,0.0675706,0.00199081
450.974,0.0723049,0.00206197
453.229,0.0785009,0.00215234
455.495,0.0901172,0.00230935
457.773,0.0983468,0.00241569
460.061,0.0978317,0.00241457
462.362,0.106277,0.00252159
464.673,0.109884,0.00256817
466.997,0.102991,0.00249026
469.332,0.0914663,0.00235279
471.679,0.0905221,0.00235117
474.037,0.086293,0.00229855
476.407,0.0780001,0.00219098
478.789,0.0754972,0.00216197
481.183,0.0734236,0.00213981
483.589,0.0646795,0.00201312
486.007,0.0625973,0.00198315
488.437,0.061378,0.00196983
490.879,0.0610586,0.00196693
493.334,0.0641668,0.00202088
495.8,0.0613934,0.00198404
498.279,0.0619279,0.00199592
500.771,0.0620406,0.00200307
503.274,0.0567075,0.00191988
505.791,0.053915,0.00187353
508.32,0.0539501,0.00188076
510.861,0.0598252,0.00198276
513.416,0.0572216,0.00194542
515.983,0.0605951,0.00200812
518.563,0.0613538,0.00202699
521.155,0.0619124,0.00203965
523.761,0.0660934,0.00211088
526.38,0.0707055,0.00218757
529.012,0.067759,0.00214747
531.657,0.0670127,0.0021424
534.315,0.0664456,0.00213707
536.987,0.0740469,0.00226164
539.672,0.0860041,0.0024466
542.37,0.10316,0.00268585
545.082,0.0994038,0.00264094
547.807,0.0767749,0.00232354
550.546,0.0658142,0.00216336
553.299,0.076332,0.00233908
556.066,0.0784379,0.00237359
558.846,0.0811389,0.00241741
561.64,0.074796,0.00232842
564.448,0.0707017,0.00227536
567.271,0.0688662,0.00224761
570.107,0.0720372,0.00230898
572.958,0.0714961,0.0023084
575.822,0.0736616,0.00234756
578.702,0.0785641,0.00243366
581.595,0.0857174,0.00254729
584.503,0.0849888,0.00254025
587.426,0.0804308,0.00247822
590.363,0.0794275,0.00246857
593.314,0.0909477,0.00265319
596.281,0.103959,0.00284597
599.262,0.122619,0.00309823
602.259,0.14528,0.00337709
605.27,0.143858,0.00336505
608.296,0.124603,0.0031443
611.338,0.113327,0.00300875
614.395,0.0925649,0.00272493
617.467,0.0739234,0.00244758
620.554,0.0679905,0.00236274
623.657,0.0686274,0.00237676
626.775,0.0694312,0.00239686
629.909,0.0704608,0.00242889
633.058,0.0721122,0.00245982
636.224,0.0763513,0.00253811
639.405,0.084525,0.00267579
642.602,0.0911623,0.00278891
645.815,0.0962112,0.00287473
649.044,0.0945416,0.00285286
652.289,0.0836239,0.00269259
655.551,0.0728672,0.00252779
658.828,0.0730503,0.00253652
662.122,0.0736432,0.0025593
665.433,0.0899257,0.0028358
668.76,0.0947385,0.00291571
672.104,0.0905976,0.00285547
675.464,0.0809516,0.00270884
678.842,0.074368,0.00260655
682.236,0.0787788,0.00269156
685.647,0.0844025,0.00279425
689.075,0.0846554,0.00280858
692.521,0.082655,0.00278211
695.983,0.0829147,0.00279889
699.463,0.0838919,0.00282658
702.961,0.0938007,0.00299892
706.475,0.0936976,0.00300576
710.008,0.0930289,0.00300344
713.558,0.0945498,0.00303798
717.126,0.0911498,0.00299254
720.711,0.0916139,0.00300932
724.315,0.096394,0.00310094
727.936,0.101909,0.00319563
731.576,0.108972,0.00331545
735.234,0.0999816,0.00318414
738.91,0.0924853,0.00307667
742.605,0.0846644,0.00295718
746.318,0.077078,0.00282747
750.049,0.0763075,0.00282516
753.8,0.0775299,0.00286271
757.569,0.075168,0.0028265
761.356,0.0728923,0.0027948
765.163,0.07638,0.00287006
768.989,0.0770981,0.00289115
772.834,0.0900042,0.00313455
776.698,0.101202,0.0033333
780.582,0.104953,0.00340048
784.485,0.122985,0.00369265
788.407,0.126956,0.00375797
792.349,0.113492,0.00356567
796.311,0.0986782,0.00334337
800.292,0.092816,0.00325487
804.294,0.0902953,0.00322147
808.315,0.0895104,0.00321794
812.357,0.0975388,0.00337043
816.419,0.103975,0.00349388
820.501,0.104185,0.00350778
824.603,0.101145,0.00346549
828.726,0.0990492,0.00344077
832.87,0.0980006,0.00343642
837.034,0.0965186,0.00342801
841.219,0.0988147,0.00347813
845.425,0.10066,0.00352059
849.653,0.103396,0.00358138
853.901,0.10308,0.0035804
858.17,0.0917348,0.00339234
862.461,0.0857248,0.00329573
866.773,0.0885732,0.00336254
871.107,0.0969636,0.00353697
875.463,0.104299,0.00366887
879.84,0.0973291,0.0035557
884.239,0.0919867,0.00347457
888.661,0.0959376,0.00356049
893.104,0.101791,0.00368228
897.569,0.0963084,0.00358691
902.057,0.0943256,0.00356422
906.568,0.0935072,0.00356239
911.1,0.0917481,0.00354574
915.656,0.10331,0.00377766
920.234,0.110023,0.00390832
924.835,0.0975329,0.00369276
929.46,0.0939334,0.00364019
934.107,0.0975205,0.00372819
938.777,0.115346,0.00406746
943.471,0.125571,0.00425412
948.189,0.111408,0.00400969
952.93,0.0881986,0.00358635
957.694,0.0900127,0.00363901
962.483,0.0896453,0.00364923
967.295,0.0810736,0.00348319
972.132,0.0891373,0.00367023
976.992,0.0954251,0.00380867
981.877,0.072276,0.00332907
986.787,0.073457,0.00336846
991.72,0.0771877,0.00346662
996.679,0.0793572,0.00353213
1001.66,0.0891947,0.003758
1006.67,0.089317,0.00376172
1011.7,0.0820044,0.00362193
1016.76,0.0833019,0.00367634
1021.85,0.0863607,0.00376121
1026.96,0.0847197,0.00373148
1032.09,0.094945,0.00396118
1037.25,0.0904636,0.00388028
1042.44,0.0865452,0.00380595
1047.65,0.0849033,0.00379499
1052.89,0.0864007,0.00384845
1058.15,0.0836073,0.00379549
1063.44,0.0850347,0.00384055
1068.76,0.0848685,0.00385712
1074.1,0.091969,0.00403269
1079.47,0.0966691,0.00414397
1084.87,0.103601,0.00431015
1090.3,0.109507,0.00444659
1095.75,0.123228,0.0047403
1101.23,0.135194,0.0049749
1106.73,0.115572,0.00460958
1112.27,0.0920832,0.00413368
1117.83,0.0855155,0.00401751
1123.42,0.0842427,0.00400555
1129.03,0.108873,0.00457144
1134.68,0.122045,0.00485304
1140.35,0.131936,0.00505068
1146.05,0.119386,0.00481491
1151.78,0.0935108,0.00429032
1157.54,0.080759,0.00400951
1163.33,0.0848892,0.00411881
1169.15,0.0888293,0.00423346
1174.99,0.0858633,0.00418773
1180.87,0.0852306,0.00418884
1186.77,0.089755,0.0043161
1192.71,0.0918968,0.00437936
1198.67,0.0934326,0.00443757
1204.66,0.102161,0.00466568
1210.69,0.116486,0.00499797
1216.74,0.113405,0.00493965
1222.82,0.113466,0.00495762
1228.94,0.097652,0.00462047
1235.08,0.102259,0.00475796
1241.26,0.11433,0.00505221
1247.46,0.115072,0.00509097
1253.7,0.122035,0.00526044
1259.97,0.129782,0.00543553
1266.27,0.116574,0.00517474
1272.6,0.108594,0.00501318
1278.96,0.106502,0.00499873
1285.36,0.0915817,0.00465546
1291.79,0.102554,0.00494742
1298.24,0.0985928,0.00486086
1304.74,0.101221,0.00495037
1311.26,0.0980745,0.00489606
1317.82,0.10968,0.00520673
1324.41,0.117718,0.0054126
1331.03,0.128705,0.00567575
1337.68,0.135513,0.00583326
1344.37,0.132202,0.00578193
1351.09,0.122326,0.00559267
1357.85,0.116617,0.00549591
1364.64,0.107866,0.00531585
1371.46,0.112501,0.00544452
1378.32,0.114458,0.00551724
1385.21,0.111328,0.00545986
1392.14,0.108811,0.0054154
1399.1,0.103774,0.00531606
1406.09,0.104377,0.00536457
1413.12,0.109256,0.0055134
1420.19,0.114992,0.00567111
1427.29,0.115818,0.00571621
1434.43,0.114388,0.00570003
1441.6,0.115773,0.00574986
1448.81,0.126141,0.00602465
1456.05,0.126179,0.00605667
1463.33,0.1132,0.00576746
1470.65,0.117111,0.00586739
1478,0.122678,0.00603489
1485.39,0.110666,0.00574677
1492.82,0.0941358,0.00531582
1500.28,0.0872378,0.00515868
1507.78,0.10918,0.00579987
1515.32,0.107459,0.0057801
1522.9,0.0989169,0.00556537
1530.51,0.103827,0.00572084
1538.16,0.104281,0.00575516
1545.86,0.0964,0.00555613
1553.58,0.0950196,0.00554826
1561.35,0.0960792,0.00559049
1569.16,0.0946757,0.00556283
1577,0.0933673,0.00554913
1584.89,0.0934311,0.00556963
1592.81,0.0988838,0.00575708
1600.78,0.103446,0.00591578
1608.78,0.112377,0.00617827
1616.83,0.11214,0.00620107
1624.91,0.0984967,0.00583096
1633.03,0.106869,0.00608629
1641.2,0.109231,0.00619792
1649.41,0.096965,0.00586166
1657.65,0.0997451,0.00595768
1665.94,0.0956038,0.00585681
1674.27,0.0959371,0.00590309
1682.64,0.100808,0.00606792
1691.06,0.0975682,0.00599914
1699.51,0.0905959,0.00579982
1708.01,0.0886398,0.00576824
1716.55,0.0946227,0.00595518
1725.13,0.0922952,0.00591704
1733.76,0.0967507,0.00606238
1742.43,0.0975111,0.00613799
1751.14,0.10353,0.00632228
1759.89,0.0982533,0.00618709
1768.69,0.0860748,0.0058189
1777.54,0.0905607,0.00598838
1786.42,0.0905749,0.00602939
1795.36,0.0887355,0.00598104
1804.33,0.0910454,0.00606884
1813.35,0.0925236,0.00614629
1822.42,0.0842388,0.00588592
1831.53,0.0903909,0.00613494
1840.69,0.0858172,0.00597297
1849.89,0.0772892,0.00566842
1859.14,0.0721993,0.00553384
1868.44,0.0779498,0.00576705
1877.78,0.0820416,0.00594344
1887.17,0.0777465,0.0057939
1896.61,0.0779195,0.00581797
1906.09,0.0794417,0.00590125
1915.62,0.082275,0.00600776
1925.2,0.0878044,0.00624305
1934.82,0.0936649,0.00647423
1944.5,0.0902579,0.00636561
1954.22,0.0850365,0.00619248
1963.99,0.0878194,0.00632013
1973.81,0.0806849,0.00607309
1983.68,0.0781457,0.00599644
1993.6,0.0835693,0.00623018
2003.57,0.0857062,0.00633456
2013.59,0.0862025,0.00637126
2023.65,0.0840627,0.00631611
2033.77,0.0783394,0.00611584
2043.94,0.0811141,0.00622925
2054.16,0.0819645,0.00629812
2064.43,0.0774401,0.00612815
2074.75,0.0807285,0.00628336
2085.13,0.0785042,0.00621734
2095.55,0.0822145,0.00637621
2106.03,0.0797051,0.00631265
2116.56,0.0748362,0.00611896
2127.14,0.0801963,0.00635389
2137.78,0.0840736,0.00653442
2148.47,0.0876395,0.00667412
2159.21,0.0815821,0.00647086
2170.01,0.0809204,0.00649343
2180.86,0.0810948,0.00651797
2191.76,0.0850909,0.00670587
2202.72,0.0922592,0.00698299
2213.73,0.0754652,0.00635191
2224.8,0.0798898,0.00654036
2235.93,0.0962122,0.00721916
2247.11,0.0907301,0.00703208
2258.34,0.0809311,0.00666047
2269.63,0.0835485,0.00678292
2280.98,0.0879153,0.00696737
2292.39,0.0880167,0.0069886
2303.85,0.099618,0.00743207
2315.37,0.0889871,0.00705329
2326.94,0.0894521,0.00709466
2338.58,0.0923525,0.00725338
2350.27,0.0851997,0.00698608
2362.02,0.0901845,0.00718857
2373.83,0.0908825,0.00724417
2385.7,0.0884128,0.00716873
2397.63,0.0793205,0.0068041
2409.62,0.0898626,0.00728949
2421.67,0.0933498,0.00743968
2433.77,0.0814006,0.00696711
2445.94,0.0822412,0.00703529
2458.17,0.0959046,0.00760962
2470.46,0.0938231,0.0075412
2482.82,0.0856496,0.00721097
2495.23,0.0935061,0.00756391
2507.71,0.0936029,0.00760797
2520.25,0.0831436,0.00719344
2532.85,0.0914402,0.00757345
2545.51,0.0825119,0.00720471
2558.24,0.0831268,0.00726479
2571.03,0.0834098,0.00728772
2583.88,0.0807475,0.00716694
2596.8,0.084893,0.00739319
2609.79,0.0925573,0.00774739
2622.84,0.0938437,0.0078397
2635.95,0.0871062,0.00755172
2649.13,0.0901873,0.00771669
2662.38,0.0947074,0.00792787
2675.69,0.0891888,0.00772628
2689.07,0.0971212,0.00808982
2702.51,0.0844839,0.00754478
2716.02,0.0863335,0.0076499
2729.61,0.088771,0.00778732
2743.25,0.0868425,0.00768664
2756.97,0.084323,0.00760342
2770.75,0.0753532,0.00721622
2784.61,0.0821118,0.00752074
2798.53,0.0831704,0.00761037
2812.52,0.0884162,0.00789119
2826.59,0.0897645,0.00796519
2840.72,0.0963169,0.00825717
2854.92,0.093869,0.0082109
2869.2,0.0911071,0.00812068
2883.54,0.087883,0.00798264
2897.96,0.0760979,0.00746325
2912.45,0.0837801,0.00784602
2927.01,0.0986555,0.00851951
2941.65,0.102599,0.00871392
2956.36,0.109271,0.00903336
2971.14,0.104648,0.00884943
2985.99,0.11802,0.00940094
3000.92,0.111479,0.00916931
3015.93,0.0964485,0.00855543
3031.01,0.108461,0.00910187
3046.16,0.111487,0.00922653
3061.39,0.1206,0.00964427
3076.7,0.108374,0.00913842
3092.08,0.10539,0.0090406
3107.54,0.117787,0.00958238
3123.08,0.104772,0.00909011
3138.7,0.100454,0.00891829
3154.39,0.099982,0.00893782
3170.16,0.106458,0.00928355
3186.01,0.106345,0.00931055
3201.94,0.100359,0.00905618
3217.95,0.100018,0.0090603
3234.04,0.0976037,0.00898143
3250.21,0.101279,0.00915536
3266.47,0.0981053,0.00907393
3282.8,0.0959618,0.00900777
3299.21,0.0800407,0.00822436
3315.71,0.0849966,0.00853391
3332.29,0.0810682,0.00834109
3348.95,0.0908293,0.00884492
3365.69,0.100264,0.00929255
3382.52,0.0902314,0.00884611
3399.43,0.0875329,0.00873123
3416.43,0.0832567,0.0085154
3433.51,0.0911817,0.00898197
3450.68,0.093703,0.00912568
3467.93,0.0879387,0.00886274
3485.27,0.0895911,0.00900295
3502.7,0.0913703,0.00910249
3520.21,0.0885619,0.00900483
3537.81,0.0766841,0.00840022
3555.5,0.079844,0.00860747
3573.28,0.0893233,0.00913239
3591.15,0.0889007,0.00911652
3609.1,0.0839684,0.0088832
3627.15,0.0858278,0.00901554
3645.28,0.0872016,0.00909966
3663.51,0.0828212,0.00891731
3681.83,0.0908602,0.00934954
3700.24,0.092111,0.00945703
3718.74,0.0953751,0.00963932
3737.33,0.0919772,0.00949807
3756.02,0.0833857,0.00908335
3774.8,0.0838016,0.00912523
3793.67,0.0895182,0.00946856
3812.64,0.0968452,0.00987201
3831.7,0.0878353,0.00946763
3850.86,0.0978034,0.0099742
3870.12,0.0909033,0.00964403
3889.47,0.0717588,0.0085767
3908.92,0.0782619,0.00901215
3928.46,0.092535,0.00984602
3948.1,0.0958735,0.0100375
3967.84,0.0855132,0.00951398
3987.68,0.0861578,0.00959522
4007.62,0.092835,0.00992375
4027.66,0.0886568,0.00972175
4047.8,0.0812757,0.00938999
4068.04,0.0820584,0.00942652
4088.38,0.0760086,0.00906337
4108.82,0.0852372,0.0096695
4129.36,0.0907291,0.00999832
4150.01,0.0887678,0.00988699
4170.76,0.099549,0.0105119
4191.61,0.0812401,0.00955088
4212.57,0.0779074,0.0093729
4233.63,0.0852692,0.00985538
4254.8,0.094513,0.0104
4276.08,0.0900395,0.0101631
4297.46,0.0820141,0.00970727
4318.94,0.0882817,0.0101487
4340.54,0.0904806,0.0102936
4362.24,0.0961198,0.0105754
4384.05,0.0938973,0.0105268
4405.97,0.0895608,0.0103178
4428,0.0893421,0.010347
4450.14,0.0896538,0.0103795
4472.39,0.0809973,0.00989066
4494.75,0.0811323,0.00990369
4517.23,0.0851079,0.0102142
4539.81,0.0928189,0.01071
4562.51,0.0939029,0.0107965
4585.33,0.0903564,0.010614
4608.25,0.088784,0.0105607
4631.29,0.0865425,0.0104689
4654.45,0.0960579,0.0110791
4677.72,0.102143,0.0114266
4701.11,0.0988042,0.0112313
4724.62,0.0918293,0.0108675
4748.24,0.105481,0.0116789
4771.98,0.0991718,0.011387
4795.84,0.0980172,0.011276
4819.82,0.0943596,0.0111192
4843.92,0.0848727,0.010619
4868.14,0.0783026,0.0102159
4892.48,0.081404,0.0104319
4916.94,0.0792107,0.0102926
4941.53,0.095195,0.0113353
4966.23,0.102886,0.0118254
4991.07,0.0859476,0.0108302
5016.02,0.0803499,0.0105207
5041.1,0.0911366,0.0112201
5066.31,0.0885677,0.0110855
5091.64,0.0872551,0.0110169
5117.1,0.0879652,0.0110687
5142.68,0.0914501,0.0112862
5168.4,0.0945895,0.0115277
5194.24,0.0896967,0.0112876
5220.21,0.107291,0.0123624
5246.31,0.1003,0.01206
5272.54,0.096435,0.0118405
5298.9,0.0935766,0.0116589
5325.4,0.0943266,0.0117274
5352.03,0.0970069,0.0119397
5378.79,0.102202,0.0122673
5405.68,0.108411,0.0126419
5432.71,0.101703,0.0122757
5459.87,0.0950318,0.0118385
5487.17,0.0925216,0.0117391
5514.61,0.0967895,0.0120338
5542.18,0.0957479,0.0120466
5569.89,0.0997034,0.0123772
5597.74,0.0968322,0.0122083
5625.73,0.0858317,0.0114736
5653.86,0.0955166,0.0121788
5682.13,0.0888197,0.0117692
5710.54,0.0919085,0.012008
5739.09,0.0983603,0.0124487
5767.79,0.100228,0.0125739
5796.62,0.0944864,0.0122261
5825.61,0.0966305,0.0124176
5854.74,0.0793968,0.0113135
5884.01,0.0829386,0.0115321
5913.43,0.0886452,0.0119479
5943,0.0947378,0.0123779
5972.71,0.0972669,0.0125835
6002.57,0.106535,0.0132185
6032.59,0.0924831,0.0123613
6062.75,0.093794,0.0124644
6093.06,0.094264,0.0125038
6123.53,0.0925737,0.012395
6154.15,0.0937263,0.0125141
6184.92,0.109783,0.0136043
6215.84,0.0995629,0.013014
6246.92,0.095785,0.0127778
6278.16,0.0960059,0.012849
6309.55,0.0992003,0.0131051
6341.09,0.0790003,0.0116698
6372.8,0.0836305,0.0120057
6404.66,0.0857463,0.0121809
6436.69,0.0868082,0.0122894
6468.87,0.0966919,0.0130006
6501.22,0.0854779,0.0122733
6533.72,0.0876412,0.0123995
6566.39,0.0868747,0.0124009
6599.22,0.0921527,0.0128549
6632.22,0.0926348,0.0128968
6665.38,0.0807225,0.0120694
6698.71,0.0879507,0.0125835
6732.2,0.0897986,0.012709
6765.86,0.080069,0.0119989
6799.69,0.101543,0.0136286
6833.69,0.100987,0.0136346
6867.86,0.102791,0.0137717
6902.2,0.105616,0.0139635
6936.71,0.0965875,0.0134302
6971.39,0.0944728,0.0132648
7006.25,0.102995,0.0138607
7041.28,0.109151,0.0143131
7076.49,0.111247,0.014564
7111.87,0.0935106,0.0134085
7147.43,0.0928406,0.0133814
7183.16,0.0956016,0.0135883
7219.08,0.102867,0.014091
7255.18,0.100243,0.0139253
7291.45,0.0974775,0.0137877
7327.91,0.0995764,0.0139805
7364.55,0.101831,0.014089
7401.37,0.101304,0.0141892
7438.38,0.0960194,0.0138285
7475.57,0.0929475,0.013614
7512.95,0.108868,0.0147645
7550.51,0.11503,0.0151698
7588.26,0.10708,0.0146722
7626.21,0.100847,0.0142507
7664.34,0.0950145,0.0138719
7702.66,0.08862,0.0134547
7741.17,0.0895635,0.013535
7779.88,0.0923465,0.0137542
7818.78,0.0811761,0.0129084
7857.87,0.0911289,0.0137598
7897.16,0.0991045,0.0144079
7936.65,0.101114,0.0146041
7976.33,0.0960522,0.0141688
8016.21,0.106361,0.0149688
8050.87,0.124007,0.0189879
