# X , Y , E Distribution=true

-20.1034,0.0584161,0.00331969
-19.9824,0.0344865,0.00254583
-19.8614,0.0209646,0.00198189
-19.7404,0.0241734,0.0021276
-19.6194,0.0159972,0.00172922
-19.4985,0.0294849,0.00235463
-19.3775,0.0315952,0.00243645
-19.2565,0.0345512,0.00254675
-19.1355,0.0216409,0.0020117
-19.0145,0.0241728,0.00213133
-18.8935,0.0218781,0.00202352
-18.7726,0.0217874,0.00202303
-18.6516,0.0271879,0.00226017
-18.5306,0.0123751,0.00152353
-18.4096,0.017251,0.00179894
-18.2886,0.0343743,0.0025364
-18.1676,0.0247031,0.00215383
-18.0467,0.0183029,0.00185001
-17.9257,0.0167602,0.00176832
-17.8047,0.0251591,0.0021707
-17.6837,0.0300837,0.0023784
-17.5627,0.0280005,0.00229452
-17.4417,0.0343138,0.00253888
-17.3208,0.0222905,0.00204353
-17.1998,0.0212068,0.00200203
-17.0788,0.0367058,0.00262669
-16.9578,0.0307398,0.00240464
-16.8368,0.0350948,0.00257175
-16.7158,0.0284691,0.00231925
-16.5949,0.0314543,0.00244063
-16.4739,0.0227643,0.0020879
-16.3529,0.0223048,0.00206544
-16.2319,0.0303159,0.00241486
-16.1109,0.0278523,0.00230397
-15.9899,0.0342183,0.00255937
-15.869,0.0272634,0.00231254
-15.748,0.0513787,0.00317546
-15.627,0.0422203,0.00290928
-15.506,0.0407679,0.00283634
-15.385,0.0450481,0.00298088
-15.264,0.0425981,0.00289648
-15.1431,0.0448668,0.00296594
-15.0221,0.0445741,0.00297512
-14.9011,0.0495389,0.00312942
-14.7801,0.0414119,0.00287978
-14.6591,0.0437978,0.00296671
-14.5381,0.0496742,0.00317905
-14.4172,0.0427185,0.0029391
-14.2962,0.0486839,0.00314176
-14.1752,0.0541618,0.00331176
-14.0542,0.0594098,0.00347042
-13.9332,0.0564117,0.00338947
-13.8122,0.110287,0.00477131
-13.6913,0.0885345,0.00424883
-13.5703,0.0752823,0.00392362
-13.4493,0.0792387,0.00401681
-13.3283,0.0689093,0.00375832
-13.2073,0.084537,0.00415855
-13.0863,0.0961545,0.00443235
-12.9654,0.0960432,0.00444847
-12.8444,0.0984532,0.00449129
-12.7234,0.0994767,0.0045119
-12.6024,0.0940667,0.00438773
-12.4814,0.101893,0.00457696
-12.3604,0.107238,0.00468316
-12.2395,0.0986202,0.00449265
-12.1185,0.105971,0.00466826
-11.9975,0.104738,0.0046523
-11.8765,0.0905192,0.00431584
-11.7555,0.0897836,0.0042916
-11.6345,0.099617,0.00452442
-11.5136,0.10006,0.00452165
-11.3926,0.111293,0.00478299
-11.2716,0.0929685,0.00436404
-11.1506,0.086009,0.00420092
-11.0296,0.104085,0.00460949
-10.9086,0.113916,0.00482848
-10.7877,0.100323,0.00454237
-10.6667,0.107134,0.00468608
-10.5457,0.101086,0.00454667
-10.4247,0.120078,0.00495326
-10.3037,0.112035,0.00479603
-10.1828,0.0855035,0.0041942
-10.0618,0.0867168,0.00422437
-9.94078,0.0902164,0.00430377
-9.8198,0.0949904,0.00441656
-9.69882,0.0998795,0.00452846
-9.57783,0.0920885,0.00435308
-9.45685,0.0906265,0.0043127
-9.33587,0.0797888,0.00404291
-9.21488,0.103894,0.00461266
-9.0939,0.115669,0.00487827
-8.97292,0.0921994,0.00435259
-8.85194,0.105654,0.00466687
-8.73095,0.106674,0.00468285
-8.60997,0.103688,0.00462268
-8.48899,0.10616,0.0046734
-8.368,0.089029,0.0042806
-8.24702,0.0951165,0.00442646
-8.12604,0.116617,0.0048975
-8.00505,0.123005,0.00503353
-7.88407,0.120142,0.00497432
-7.76309,0.12683,0.00510985
-7.6421,0.114607,0.00485685
-7.52112,0.127308,0.00512767
-7.40014,0.121327,0.00500554
-7.27915,0.141153,0.00540537
-7.15817,0.131563,0.0052155
-7.03719,0.12108,0.00500389
-6.9162,0.144069,0.00545789
-6.79522,0.141627,0.00541107
-6.67424,0.129265,0.00516657
-6.55326,0.135767,0.00529535
-6.43227,0.152707,0.00560777
-6.31129,0.132795,0.00521508
-6.19031,0.137586,0.00532722
-6.06932,0.142435,0.00542617
-5.94834,0.156895,0.00568515
-5.82736,0.168203,0.00589511
-5.70637,0.178635,0.00607576
-5.58539,0.184928,0.00618577
-5.46441,0.181057,0.00610501
-5.34342,0.177377,0.00604203
-5.22244,0.182986,0.00613868
-5.10146,0.199971,0.00640303
-4.98047,0.215237,0.00665564
-4.85949,0.228176,0.00682795
-4.73851,0.239658,0.00699775
-4.61752,0.258658,0.00725685
-4.49654,0.308713,0.00793778
-4.37556,0.330706,0.008182
-4.25457,0.380069,0.00877292
-4.13359,0.439479,0.00942405
-4.01261,0.537561,0.0104334
-3.89163,0.670049,0.0116436
-3.77064,0.820479,0.0128859
-3.64966,1.02176,0.0143886
-3.52868,1.2854,0.0161527
-3.40769,1.58106,0.0179269
-3.28671,1.91109,0.0197189
-3.16573,2.27738,0.0215374
-3.04474,2.74695,0.0236788
-2.92376,3.18886,0.0255277
-2.80278,3.71061,0.0275483
-2.68179,4.2121,0.0293597
-2.56081,4.73606,0.0311493
-2.43983,5.28621,0.0329081
-2.31884,5.90495,0.0347984
-2.19786,6.57999,0.036757
-2.07688,7.13432,0.0382962
-1.95589,7.73133,0.0398874
-1.83491,8.41162,0.0416454
-1.71393,9.11649,0.0433895
-1.59295,9.89526,0.0452397
-1.47196,10.6795,0.0470596
-1.35098,11.5767,0.0490671
-1.23,12.4842,0.0510254
-1.10901,13.4511,0.0530295
-0.988029,14.172,0.054505
-0.867046,14.7714,0.0557011
-0.746063,15.0195,0.0562118
-0.62508,14.9618,0.0561462
-0.504097,14.7739,0.0558083
-0.383113,14.3954,0.0551151
-0.26213,14.0259,0.0544182
-0.141147,13.7109,0.0538176
-0.0201639,13.4326,0.0533016
0.100819,13.117,0.0527031
0.221802,12.8137,0.0521359
0.342786,12.2881,0.0510853
0.463769,11.9228,0.0503561
0.584752,11.435,0.0493475
0.705735,10.9241,0.0482494
0.826718,10.4065,0.0471126
0.947701,9.70521,0.0455059
1.06868,9.00193,0.0438293
1.18967,8.35597,0.0422153
1.31065,7.6162,0.0403039
1.43163,7.00083,0.0386509
1.55262,6.4276,0.0370363
1.6736,5.94948,0.0356341
1.79458,5.58252,0.0345229
1.91557,5.183,0.0332745
2.03655,4.79193,0.0319886
2.15753,4.56058,0.031212
2.27852,4.30436,0.0303281
2.3995,4.13275,0.0297194
2.52048,3.95559,0.0290929
2.64147,3.85406,0.0287247
2.76245,3.69013,0.0281155
2.88343,3.639,0.0279339
3.00442,3.61422,0.0278499
3.1254,3.52654,0.0275201
3.24638,3.52367,0.0275137
3.36736,3.4369,0.0271939
3.48835,3.41694,0.0271267
3.60933,3.38465,0.0270045
3.73031,3.27636,0.0265869
3.8513,3.17652,0.0261872
3.97228,3.10671,0.0259033
4.09326,3.02596,0.025577
4.21425,2.85573,0.0248622
4.33523,2.75509,0.0244327
4.45621,2.63258,0.0238988
4.5772,2.45109,0.0230705
4.69818,2.32053,0.0224622
4.81916,2.16677,0.021716
4.94015,2.03443,0.0210573
5.06113,1.95171,0.0206414
5.18211,1.80045,0.0198343
5.3031,1.67271,0.0191325
5.42408,1.56544,0.0185248
5.54506,1.48825,0.018077
5.66605,1.38068,0.0174172
5.78703,1.35116,0.0172473
5.90801,1.287,0.016838
6.02899,1.27061,0.0167387
6.14998,1.21645,0.0163907
6.27096,1.18739,0.0162039
6.39194,1.20475,0.0163293
6.51293,1.10835,0.0156752
6.63391,1.0764,0.0154578
6.75489,1.0673,0.0154072
6.87588,1.06607,0.0154048
6.99686,1.0496,0.0152959
7.11784,1.05566,0.0153469
7.23883,1.07646,0.0155089
7.35981,1.06956,0.0154675
7.48079,1.07975,0.0155448
7.60178,1.08103,0.015558
7.72276,1.10904,0.0157648
7.84374,1.07583,0.0155382
7.96473,1.10266,0.0157426
8.08571,1.09899,0.0157256
8.20669,1.02565,0.0152066
8.32767,0.971975,0.0148165
8.44866,0.883559,0.0141348
8.56964,0.810402,0.0135502
8.69062,0.754252,0.0130912
8.81161,0.662968,0.012288
8.93259,0.641748,0.0121048
9.05357,0.608379,0.0118098
9.17456,0.571821,0.0114638
9.29554,0.520168,0.0109418
9.41652,0.503847,0.0107864
9.53751,0.473387,0.0104629
9.65849,0.437504,0.0100726
9.77947,0.418779,0.00986348
9.90046,0.381812,0.00943264
10.0214,0.361562,0.00918687
10.1424,0.340393,0.00892318
10.2634,0.326955,0.00874257
10.3844,0.331519,0.00881627
10.5054,0.320687,0.00867988
10.6264,0.308093,0.00850743
10.7473,0.272238,0.00799684
10.8683,0.291329,0.00828265
10.9893,0.285883,0.00821308
11.1103,0.277209,0.00809104
11.2313,0.2675,0.00795556
11.3523,0.262911,0.00789835
11.4732,0.259087,0.00785178
11.5942,0.262016,0.00789999
11.7152,0.255015,0.00779739
11.8362,0.238443,0.00754887
11.9572,0.24477,0.00765703
12.0782,0.236874,0.00753847
12.1991,0.221655,0.00729759
12.3201,0.199693,0.00693364
12.4411,0.211569,0.00714712
12.5621,0.205932,0.00705758
12.6831,0.219304,0.00729288
12.8041,0.215206,0.00723163
12.925,0.204471,0.00704676
13.046,0.209875,0.00714885
13.167,0.207855,0.00712188
13.288,0.200808,0.00700421
13.409,0.197754,0.00695749
13.53,0.194237,0.00690236
13.6509,0.198346,0.00697916
13.7719,0.188116,0.00680566
13.8929,0.173162,0.00653043
14.0139,0.173149,0.00653699
14.1349,0.165072,0.00637802
14.2559,0.153829,0.00617108
14.3768,0.163734,0.00636463
14.4978,0.148821,0.0060723
14.6188,0.146553,0.0060214
14.7398,0.142427,0.00594977
14.8608,0.137718,0.00584711
14.9817,0.132629,0.00573977
15.1027,0.13214,0.00573438
15.2237,0.132384,0.00574529
15.3447,0.114608,0.00534504
15.4657,0.112573,0.00530377
15.5867,0.118919,0.0054503
15.7076,0.112476,0.00530567
15.8286,0.112827,0.00532009
15.9496,0.107109,0.00518279
16.0706,0.115107,0.0053751
16.1916,0.0972173,0.00494577
16.3126,0.11112,0.00529137
16.4335,0.102087,0.00508174
16.5545,0.0962099,0.00493514
16.6755,0.102962,0.00510789
16.7965,0.0878825,0.00471837
16.9175,0.0917161,0.00482099
17.0385,0.0910418,0.00481322
17.1594,0.0786388,0.00447279
17.2804,0.0756865,0.00439564
17.4014,0.0790417,0.00449076
17.5224,0.0682794,0.00417426
17.6434,0.0759325,0.00441284
17.7644,0.0704991,0.00425642
17.8853,0.0720114,0.00430093
18.0063,0.0639552,0.00405757
18.1273,0.0756921,0.00441028
18.2483,0.0660005,0.00412681
18.3693,0.0689483,0.00422084
18.4903,0.0643537,0.00407925
18.6112,0.0623468,0.0040191
18.7322,0.0649756,0.00411132
18.8532,0.0733259,0.00437009
18.9742,0.0573408,0.00385963
19.0952,0.0577758,0.00387761
19.2162,0.0621098,0.0040287
19.3371,0.0615582,0.00401501
19.4581,0.0650723,0.00412681
19.5791,0.0662368,0.00416488
19.7001,0.0608547,0.00400052
19.8211,0.0651158,0.00413657
19.9421,0.0614734,0.00402101
20.063,0.050444,0.00363182
20.184,0.0550381,0.00381019
20.305,0.059052,0.00394185
20.426,0.0573292,0.00389073
20.547,0.0564663,0.00386713
20.668,0.0524859,0.00372712
20.7889,0.0519679,0.00371488
20.9099,0.0573162,0.00390375
21.0309,0.053849,0.00377734
21.1519,0.0513709,0.00369344
21.2729,0.0577631,0.00392076
21.3939,0.0541489,0.00379502
21.5148,0.0466815,0.00353439
21.6358,0.0515938,0.00371459
21.7568,0.0610323,0.00404563
21.8778,0.0501747,0.00366284
21.9988,0.0545504,0.00382758
22.1198,0.0570132,0.0039084
22.2407,0.0529456,0.00377559
22.3617,0.0449259,0.00347912
22.4827,0.0504781,0.0036816
22.6037,0.051731,0.00372895
22.7247,0.0547753,0.00384554
22.8457,0.059133,0.00400056
22.9666,0.0556062,0.00387965
23.0876,0.0514457,0.00373306
23.2086,0.0440883,0.00345953
23.3296,0.0472871,0.0035896
23.4506,0.0510803,0.00372812
23.5716,0.0568262,0.00393265
23.6925,0.0596326,0.00402516
23.8135,0.0527608,0.00378781
23.9345,0.059051,0.00401745
24.0555,0.050151,0.00370839
24.1563,0.0454799,0.00432465
24.2571,0.0477493,0.00188863
24.3784,0.054223,0.00200463
24.5003,0.0506251,0.00192908
24.6228,0.0526624,0.00195615
24.7459,0.0504794,0.00191173
24.8696,0.0499716,0.00189253
24.994,0.0512345,0.00191908
25.119,0.0503818,0.00189774
25.2446,0.0499547,0.00188433
25.3708,0.0519304,0.00191522
25.4976,0.0471717,0.00182285
25.6251,0.0484902,0.00184084
25.7533,0.0495389,0.00185819
25.882,0.0502763,0.00186704
26.0114,0.0477493,0.00181489
26.1415,0.0492469,0.0018297
26.2722,0.0516042,0.00187695
26.4036,0.0493714,0.00183023
26.5356,0.0524934,0.00188281
26.6682,0.0490983,0.00181722
26.8016,0.0476469,0.0017757
26.9356,0.0486911,0.0017963
27.0703,0.0518011,0.00185317
27.2056,0.0501855,0.00181825
27.3417,0.051379,0.00183437
27.4784,0.0497658,0.00180122
27.6158,0.0512322,0.00181775
27.7538,0.0472799,0.00174556
27.8926,0.046217,0.0017184
28.0321,0.0486967,0.00175967
28.1722,0.0461282,0.00171036
28.3131,0.0448708,0.0016832
28.4547,0.0451948,0.00168634
28.5969,0.0451984,0.0016829
28.7399,0.0471685,0.00171665
28.8836,0.0454591,0.00167555
29.028,0.0479156,0.00171945
29.1732,0.0479062,0.00171648
29.319,0.0462174,0.00167855
29.4656,0.044115,0.00163523
29.613,0.0441691,0.00163472
29.761,0.0460605,0.00166556
29.9098,0.0434535,0.00161386
30.0594,0.0430015,0.00160283
30.2097,0.0420879,0.00158072
30.3607,0.0435401,0.00160546
30.5125,0.0438371,0.00160397
30.6651,0.042349,0.00157674
30.8184,0.0434022,0.00158991
30.9725,0.0457244,0.00162984
31.1274,0.0457662,0.0016257
31.283,0.0409325,0.00153401
31.4394,0.0431666,0.00157292
31.5966,0.0413477,0.00153695
31.7546,0.0415156,0.00154016
31.9134,0.0422789,0.00154721
32.0729,0.0397279,0.00149946
32.2333,0.040542,0.00150791
32.3945,0.0450329,0.00158662
32.5564,0.0417833,0.00152544
32.7192,0.0441889,0.00156772
32.8828,0.0406209,0.00149685
33.0472,0.0423452,0.00152635
33.2125,0.0413938,0.00150465
33.3785,0.0401877,0.00147829
33.5454,0.0391342,0.00145666
33.7132,0.0409178,0.0014904
33.8817,0.0404451,0.00147497
34.0511,0.042655,0.00150942
34.2214,0.0386055,0.00143332
34.3925,0.0432535,0.00151428
34.5645,0.04353,0.0015167
34.7373,0.0412125,0.00147312
34.911,0.041678,0.00147696
35.0855,0.0422693,0.00148491
35.2609,0.0389313,0.00141993
35.4373,0.0438585,0.00150736
35.6144,0.0419711,0.00146767
35.7925,0.0421576,0.00146958
35.9715,0.0417481,0.00145704
36.1513,0.0431032,0.00147922
36.3321,0.041652,0.00144956
36.5137,0.0402193,0.00142191
36.6963,0.0411392,0.00143568
36.8798,0.0431025,0.00146519
37.0642,0.0388837,0.00138943
37.2495,0.0453326,0.00149556
37.4358,0.0436627,0.00146378
37.6229,0.0403843,0.00140649
37.8111,0.0412547,0.00141934
38.0001,0.0398843,0.00139033
38.1901,0.0422744,0.00143053
38.3811,0.0460167,0.0014884
38.573,0.0452353,0.00147349
38.7658,0.0440605,0.00145006
38.9597,0.0457634,0.00147575
39.1545,0.0405807,0.00138558
39.3502,0.0458089,0.00147055
39.547,0.0447979,0.00145142
39.7447,0.0432836,0.00142301
39.9434,0.046847,0.00148052
40.1432,0.0432837,0.00141757
40.3439,0.0454312,0.00144888
40.5456,0.0461128,0.00145534
40.7483,0.0467531,0.00146304
40.9521,0.0462462,0.00145203
41.1568,0.0443959,0.00141988
41.3626,0.0462653,0.00144624
41.5694,0.0422621,0.00137882
41.7773,0.0458669,0.00143336
41.9862,0.0453889,0.00142189
42.1961,0.0459979,0.00142819
42.4071,0.0481836,0.00146108
42.6191,0.0452512,0.00141317
42.8322,0.0436783,0.00138569
43.0464,0.0457257,0.00141297
43.2616,0.0474725,0.00143678
43.4779,0.0474312,0.00143464
43.6953,0.046303,0.00141456
43.9138,0.048115,0.00143757
44.1333,0.0468145,0.00141601
44.354,0.0494664,0.00145072
44.5758,0.0447772,0.0013797
44.7987,0.0464667,0.00140288
45.0226,0.0475036,0.0014138
45.2478,0.0457951,0.00138603
45.474,0.0455543,0.00137942
45.7014,0.0437712,0.00134991
45.9299,0.0473124,0.00139899
46.1595,0.0476986,0.00140383
46.3903,0.0488199,0.00141664
46.6223,0.0493272,0.00142079
46.8554,0.0490784,0.00141398
47.0897,0.0493032,0.00141411
47.3251,0.0475466,0.00138802
47.5617,0.0499259,0.00141921
47.7995,0.0483029,0.00139286
48.0385,0.0484831,0.00139113
48.2787,0.0470091,0.00136722
48.5201,0.0476711,0.00137459
48.7627,0.047921,0.00137585
49.0065,0.0466453,0.00135408
49.2516,0.0485606,0.0013775
49.4978,0.0472473,0.00135887
49.7453,0.0496869,0.00138983
49.994,0.0476807,0.00136006
50.244,0.0491678,0.00137821
50.4952,0.0477014,0.0013543
50.7477,0.0466054,0.00133498
51.0015,0.0496799,0.00137665
51.2565,0.0494328,0.0013711
51.5127,0.0480298,0.00134871
51.7703,0.0479026,0.00134331
52.0292,0.049326,0.0013605
52.2893,0.0493281,0.00136011
52.5507,0.0504852,0.00137409
52.8135,0.0490404,0.00135137
53.0776,0.0499098,0.00136022
53.343,0.0506515,0.001369
53.6097,0.049736,0.00135373
53.8777,0.0506386,0.00136409
54.1471,0.0478147,0.00132266
54.4178,0.0488516,0.00133462
54.6899,0.0491197,0.00133708
54.9634,0.048387,0.00132537
55.2382,0.0479926,0.0013169
55.5144,0.047496,0.00130794
55.792,0.0484136,0.00131838
56.0709,0.0477969,0.00130742
56.3513,0.0475575,0.00130238
56.633,0.0474179,0.00129795
56.9162,0.0504921,0.00133702
57.2008,0.0479069,0.00130143
57.4868,0.0477699,0.00129744
57.7742,0.0459062,0.00126936
58.0631,0.0465227,0.00127625
58.3534,0.0496519,0.00131673
58.6452,0.0471806,0.00128121
58.9384,0.0474195,0.0012829
59.2331,0.0483631,0.00129289
59.5293,0.0490614,0.00129973
59.8269,0.0490531,0.00129646
60.126,0.0514021,0.00132651
60.4267,0.0499845,0.00130523
60.7288,0.0485171,0.00128484
61.0324,0.048958,0.00128724
61.3376,0.0474208,0.00126532
61.6443,0.0469662,0.0012574
61.9525,0.0483857,0.00127514
62.2623,0.0485161,0.00127455
62.5736,0.0512914,0.00130782
62.8865,0.0492428,0.00127942
63.2009,0.0491016,0.00127444
63.5169,0.0510841,0.00129803
63.8345,0.0471825,0.00124581
64.1537,0.0466865,0.00123705
64.4744,0.0496421,0.00127356
64.7968,0.0489855,0.0012646
65.1208,0.0508247,0.00128584
65.4464,0.0501788,0.00127634
65.7736,0.0525184,0.00130353
66.1025,0.0526086,0.00130294
66.433,0.055314,0.0013346
66.7652,0.0549989,0.00132871
67.099,0.0551465,0.00132962
67.4345,0.054357,0.00131809
67.7716,0.056925,0.00134807
68.1105,0.057288,0.00135049
68.4511,0.0548364,0.00132053
68.7933,0.057251,0.00134573
69.1373,0.0586827,0.00136261
69.483,0.0596836,0.0013734
69.8304,0.061994,0.00139809
70.1795,0.0603763,0.00137813
70.5304,0.0642564,0.00142134
70.8831,0.0668295,0.00144969
71.2375,0.0691476,0.00147349
71.5937,0.0734684,0.00151807
71.9517,0.0775217,0.00155991
72.3114,0.0829184,0.00161237
72.673,0.087304,0.00165456
73.0363,0.0898882,0.00167913
73.4015,0.0879124,0.00165642
73.7685,0.0826309,0.00160302
74.1374,0.0788121,0.00156202
74.5081,0.07136,0.00148286
74.8806,0.0669075,0.00143344
75.255,0.060372,0.00135848
75.6313,0.0575434,0.00132349
76.0094,0.0555451,0.00129745
76.3895,0.0548601,0.00128697
76.7714,0.0542293,0.00127821
77.1553,0.0506747,0.00123286
77.5411,0.052372,0.00125085
77.9288,0.0533406,0.00126043
78.3184,0.0508311,0.00122841
78.71,0.0475864,0.00118717
79.1035,0.0473799,0.00118195
79.4991,0.0486605,0.00119608
79.8966,0.0495601,0.00120548
80.296,0.0497674,0.00120603
80.6975,0.0462856,0.00116191
81.101,0.0473986,0.00117392
81.5065,0.0489618,0.00119163
81.9141,0.0488982,0.00118969
82.3236,0.0463552,0.00115567
82.7352,0.0472896,0.00116696
83.1489,0.047934,0.00117221
83.5647,0.0488465,0.00118171
83.9825,0.0485524,0.00117671
84.4024,0.0489945,0.00118115
84.8244,0.047962,0.00116727
85.2485,0.0458094,0.00113977
85.6748,0.0468565,0.00115019
86.1031,0.0465541,0.00114525
86.5337,0.0453829,0.00112958
86.9663,0.046282,0.00113999
87.4012,0.0480709,0.00115972
87.8382,0.0477997,0.00115528
88.2774,0.0443383,0.00111067
88.7187,0.0458804,0.00112992
89.1623,0.0473956,0.00114598
89.6082,0.0464748,0.00113275
90.0562,0.0482089,0.00115338
90.5065,0.0466963,0.00113331
90.959,0.0458867,0.00112206
91.4138,0.0477412,0.00114222
91.8709,0.0448776,0.00110417
92.3302,0.0471366,0.00113123
92.7919,0.0487073,0.00114773
93.2558,0.046157,0.00111622
93.7221,0.047188,0.00112633
94.1907,0.0479087,0.00113373
94.6617,0.0491707,0.00114792
95.135,0.048149,0.00113231
95.6107,0.0496167,0.00114765
96.0887,0.0481398,0.00112931
96.5692,0.0520247,0.00117081
97.052,0.0507434,0.0011553
97.5373,0.0515487,0.00116403
98.0249,0.0565144,0.00121563
98.5151,0.0555953,0.00120383
99.0076,0.0568468,0.00121412
99.5027,0.0571743,0.00121566
100,0.060321,0.00124778
100.5,0.06274,0.00126952
101.003,0.0648959,0.00128933
101.508,0.0671293,0.00130932
102.015,0.064604,0.00128332
102.525,0.064776,0.00128358
103.038,0.0665691,0.00129976
103.553,0.0640143,0.00127446
104.071,0.0665118,0.00129794
104.591,0.0631476,0.00126419
105.114,0.0654964,0.00128602
105.64,0.06712,0.00130154
106.168,0.0637529,0.00126708
106.699,0.0643938,0.00127199
107.232,0.0645747,0.00127224
107.768,0.0665893,0.00129015
108.307,0.0682991,0.00130457
108.849,0.0660511,0.00128101
109.393,0.0656826,0.00127439
109.94,0.0655937,0.00127207
110.49,0.0651076,0.00126434
111.042,0.0673935,0.00128469
111.597,0.0673966,0.00128337
112.155,0.0670234,0.00127801
112.716,0.0649425,0.00125828
113.28,0.0642232,0.00125005
113.846,0.0630039,0.00123743
114.415,0.0639082,0.00124611
114.987,0.0675785,0.00128024
115.562,0.067241,0.00127592
116.14,0.0665221,0.00126808
116.721,0.0716272,0.00131452
117.305,0.0703458,0.00130164
117.891,0.0703452,0.00130177
118.481,0.0743454,0.00133771
119.073,0.0730433,0.00132554
119.668,0.0777167,0.00136784
120.267,0.0743889,0.00133848
120.868,0.0731747,0.00132635
121.472,0.0737554,0.00133192
122.08,0.0735751,0.00132838
122.69,0.0742035,0.00133306
123.304,0.0722559,0.00131408
123.92,0.0702948,0.00129529
124.54,0.0722132,0.00131162
125.162,0.0709862,0.0012983
125.788,0.0729438,0.00131515
126.417,0.0736677,0.00132131
127.049,0.0722028,0.00130686
127.684,0.0739287,0.00132237
128.323,0.0750154,0.00133032
128.964,0.0758294,0.00133688
129.609,0.0783159,0.00135675
130.257,0.076843,0.00134329
130.909,0.0793114,0.00136288
131.563,0.0796516,0.00136464
132.221,0.0817238,0.0013812
132.882,0.0838714,0.00139911
133.546,0.0861532,0.00141647
134.214,0.0859991,0.00141445
134.885,0.0943831,0.00148024
135.56,0.0938406,0.00147606
136.238,0.0962594,0.00149206
136.919,0.099548,0.00151706
137.603,0.103102,0.0015429
138.291,0.107842,0.00157705
138.983,0.107809,0.00157716
139.678,0.107058,0.00156871
140.376,0.111442,0.00160012
141.078,0.11415,0.00161904
141.783,0.118641,0.00164976
142.492,0.118641,0.00164807
143.205,0.120693,0.00166207
143.921,0.125334,0.00169261
144.64,0.12728,0.00170544
145.364,0.128548,0.00171249
146.09,0.129944,0.00172167
146.821,0.12938,0.0017165
147.555,0.1278,0.00170511
148.293,0.13319,0.0017405
149.034,0.130991,0.00172428
149.779,0.132753,0.00173627
150.528,0.135446,0.00175325
151.281,0.139206,0.00177801
152.037,0.141077,0.0017881
152.797,0.142208,0.00179293
153.561,0.139144,0.00177243
154.329,0.137794,0.00176376
155.101,0.138015,0.00176441
155.876,0.14207,0.0017882
156.656,0.141251,0.00178294
157.439,0.139331,0.00177061
158.226,0.138502,0.00176431
159.017,0.136925,0.00175405
159.812,0.133601,0.00173255
160.612,0.132307,0.00172331
161.415,0.132421,0.00172269
162.222,0.130514,0.00170993
163.033,0.131506,0.00171709
163.848,0.128409,0.00169622
164.667,0.126243,0.00168191
165.491,0.126789,0.0016857
166.318,0.125634,0.00167847
167.15,0.118178,0.0016283
167.985,0.121135,0.00164938
168.825,0.115694,0.00161185
169.669,0.117283,0.00162318
170.518,0.11566,0.00161201
171.37,0.112641,0.00159057
172.227,0.112643,0.00159048
173.088,0.10885,0.00156254
173.954,0.107845,0.00155598
174.823,0.109168,0.00156545
175.698,0.104343,0.0015312
176.576,0.103777,0.00152607
177.459,0.103418,0.00152329
178.346,0.0983862,0.00148514
179.238,0.101043,0.0015048
180.134,0.102501,0.00151592
181.035,0.10145,0.00150829
181.94,0.103688,0.00152368
182.85,0.104839,0.00153224
183.764,0.105427,0.00153615
184.683,0.10821,0.00155576
185.606,0.110034,0.00156863
186.534,0.110681,0.00157314
187.467,0.110528,0.00157214
188.404,0.115018,0.00160316
189.346,0.110208,0.00156899
190.293,0.110529,0.0015708
191.244,0.113122,0.00158962
192.201,0.11246,0.00158479
193.162,0.111266,0.00157714
194.128,0.111998,0.00158277
195.098,0.107533,0.00155107
196.074,0.102824,0.00151506
197.054,0.100274,0.00149623
198.039,0.0976674,0.00147676
199.029,0.0965907,0.00146872
200.025,0.0961133,0.00146534
201.025,0.0957607,0.0014611
202.03,0.0961194,0.00146452
203.04,0.0966041,0.00146792
204.055,0.0942707,0.0014488
205.075,0.0935223,0.00144382
206.101,0.090054,0.00141656
207.131,0.0937635,0.00144665
208.167,0.0917656,0.00143049
209.208,0.0929606,0.00143891
210.254,0.0935577,0.00144524
211.305,0.0890658,0.00141037
212.362,0.0920978,0.00143431
213.424,0.0865485,0.00138997
214.491,0.0895305,0.00141506
215.563,0.0890369,0.00141137
216.641,0.0886705,0.00140896
217.724,0.0894442,0.00141578
218.813,0.0909663,0.00142941
219.907,0.0898687,0.00142158
221.006,0.0913229,0.00143342
222.111,0.0927284,0.00144566
223.222,0.0935284,0.00145162
224.338,0.0944861,0.00145952
225.46,0.0933102,0.00144995
226.587,0.0938098,0.00145401
227.72,0.0922086,0.00144042
228.859,0.0936552,0.00145071
230.003,0.0909742,0.00143036
231.153,0.0943054,0.00145621
232.309,0.0951358,0.00146253
233.47,0.0938224,0.00145139
234.638,0.0967047,0.00147348
235.811,0.0956752,0.0014659
236.99,0.100063,0.00149977
238.175,0.0999068,0.0014989
239.366,0.0979556,0.00148326
240.562,0.102527,0.00151957
241.765,0.101475,0.00151176
242.974,0.100372,0.00150424
244.189,0.0991668,0.00149497
245.41,0.0945567,0.00145946
246.637,0.0951831,0.00146357
247.87,0.0946657,0.00146072
249.109,0.0911696,0.00143356
250.355,0.0876978,0.00140656
251.607,0.0877323,0.00140616
252.865,0.0858043,0.00138996
254.129,0.0811347,0.0013518
255.4,0.0808575,0.0013494
256.677,0.0745276,0.00129657
257.96,0.0765924,0.00131412
259.25,0.075586,0.00130472
260.546,0.0739141,0.00129126
261.849,0.0747131,0.0012977
263.158,0.0773307,0.00132086
264.474,0.0779491,0.00132613
265.796,0.0756395,0.00130675
267.125,0.0766444,0.00131567
268.461,0.0787995,0.00133439
269.803,0.0817666,0.0013599
271.152,0.0807588,0.00135207
272.508,0.0868898,0.0014024
273.871,0.0886431,0.00141812
275.24,0.0896558,0.00142657
276.616,0.0930186,0.00145389
277.999,0.0969691,0.00148527
279.389,0.0987574,0.00149811
280.786,0.0989787,0.00150073
282.19,0.100016,0.00150983
283.601,0.104971,0.00154872
285.019,0.104448,0.00154466
286.444,0.105619,0.00155433
287.876,0.104845,0.00154996
289.316,0.105463,0.00155605
290.762,0.106706,0.00156671
292.216,0.104198,0.00154829
293.677,0.101274,0.00152847
295.146,0.0997003,0.00151792
296.621,0.0989003,0.00151325
298.104,0.0992442,0.00151689
299.595,0.0962926,0.00149509
301.093,0.0930535,0.00147078
302.598,0.0934533,0.00147575
304.111,0.0906993,0.00145469
305.632,0.0921787,0.00146852
307.16,0.09112,0.00146198
308.696,0.0912933,0.0014643
310.239,0.0890238,0.00144739
311.791,0.0892371,0.00145178
313.35,0.0842603,0.00141291
314.916,0.0824277,0.00139873
316.491,0.080724,0.00138676
318.073,0.0779575,0.00136475
319.664,0.075308,0.00134307
321.262,0.0723553,0.00131824
322.868,0.0683909,0.00128269
324.483,0.0653106,0.00125513
326.105,0.0635059,0.00124031
327.736,0.056766,0.00117443
329.374,0.0555108,0.00116322
331.021,0.0535331,0.00114363
332.676,0.0505608,0.00111365
334.34,0.050307,0.00111182
336.011,0.0497556,0.00110797
337.691,0.0468174,0.00107697
339.38,0.0457831,0.00106708
341.077,0.0447949,0.00105603
342.782,0.0437812,0.00104606
344.496,0.0421014,0.0010261
346.218,0.0404866,0.00100687
347.95,0.0413113,0.00101967
349.689,0.0417017,0.00102542
351.438,0.0392689,0.000996863
353.195,0.0419491,0.00103137
354.961,0.0425334,0.00103991
356.736,0.0428508,0.00104428
358.519,0.0431476,0.00104934
360.312,0.0406298,0.00102066
362.114,0.0396814,0.00100979
363.924,0.0398488,0.00101217
365.744,0.0398405,0.00101378
367.572,0.0396842,0.00101361
369.41,0.0409818,0.00103104
371.257,0.039709,0.00101688
373.114,0.0392504,0.00101281
374.979,0.039831,0.00102215
376.854,0.0386372,0.00100783
378.738,0.0407101,0.001036
380.632,0.0404425,0.00103441
382.535,0.0395769,0.00102529
384.448,0.0435536,0.00107719
386.37,0.0443329,0.00108862
388.302,0.0442853,0.00108921
390.244,0.0481564,0.00113848
392.195,0.0501145,0.00116285
394.156,0.054867,0.0012186
396.127,0.0580777,0.00125491
398.107,0.05961,0.00127222
400.098,0.0609628,0.00129065
402.098,0.0611791,0.00129588
404.109,0.0586146,0.00126979
406.129,0.0556596,0.00124033
408.16,0.0524328,0.00120523
410.201,0.0517108,0.00119905
412.252,0.0472268,0.00114761
414.313,0.0462941,0.00113974
416.384,0.0445509,0.0011206
418.466,0.0425737,0.00109698
420.559,0.0433104,0.00110904
422.662,0.0414795,0.00108791
424.775,0.0432269,0.00111232
426.899,0.0424558,0.00110398
429.033,0.0414218,0.00109202
431.178,0.0429249,0.00111486
433.334,0.0431537,0.00111981
435.501,0.0456249,0.00115398
437.678,0.0435124,0.00112991
439.867,0.0425667,0.00112068
442.066,0.0447567,0.00115001
444.276,0.0450075,0.00115515
446.498,0.0462917,0.00117534
448.73,0.0458293,0.00117086
450.974,0.0482769,0.00120572
453.229,0.0472209,0.00119385
455.495,0.0477812,0.00120285
457.773,0.0510291,0.00124488
460.061,0.0518298,0.00125771
462.362,0.0528733,0.00127417
464.673,0.0538581,0.00128749
466.997,0.056378,0.00132045
469.332,0.0567811,0.00132861
471.679,0.0600338,0.00136943
474.037,0.0586703,0.00135565
476.407,0.0549326,0.00131597
478.789,0.0536681,0.0013043
481.183,0.0551469,0.00132539
483.589,0.0509288,0.00127657
486.007,0.0503019,0.00127137
488.437,0.048931,0.00125751
490.879,0.0473243,0.00124027
493.334,0.0487307,0.00126223
495.8,0.0471761,0.00124263
498.279,0.046991,0.00124431
500.771,0.0456279,0.00122754
503.274,0.0457109,0.00123271
505.791,0.0451046,0.0012255
508.32,0.0445088,0.00121965
510.861,0.0447232,0.00122628
513.416,0.0441846,0.00122335
515.983,0.0441593,0.00122553
518.563,0.0438528,0.00122446
521.155,0.0423126,0.00120568
523.761,0.0427949,0.00121566
526.38,0.0464594,0.00126842
529.012,0.0453805,0.00125828
531.657,0.0468728,0.00128177
534.315,0.0470849,0.00128944
536.987,0.0474706,0.00129745
539.672,0.0471753,0.00129687
542.37,0.0484044,0.00131611
545.082,0.0491562,0.00133087
547.807,0.0469199,0.00130228
550.546,0.0485345,0.00132842
553.299,0.049969,0.00135255
556.066,0.0503706,0.0013602
558.846,0.0504961,0.00136626
561.64,0.0502257,0.00136643
564.448,0.0498672,0.00136503
567.271,0.0519139,0.00139707
570.107,0.050646,0.00138333
572.958,0.0511135,0.00139444
575.822,0.0508251,0.00139367
578.702,0.052646,0.00142421
581.595,0.0532018,0.00143489
584.503,0.0537524,0.00144555
587.426,0.0532896,0.00144529
590.363,0.0534352,0.00144974
593.314,0.0527428,0.00144459
596.281,0.0526876,0.00144879
599.262,0.0530691,0.00145764
602.259,0.0513124,0.00143863
605.27,0.0515605,0.00144694
608.296,0.0519056,0.0014562
611.338,0.0518387,0.00145927
614.395,0.0532921,0.00148384
617.467,0.0532535,0.00148721
620.554,0.0540759,0.00150327
623.657,0.0500819,0.00145197
626.775,0.0530765,0.0015
629.909,0.0534229,0.00151025
633.058,0.0494112,0.00145726
636.224,0.0495005,0.0014613
639.405,0.0510857,0.00149052
642.602,0.0500529,0.0014784
645.815,0.050599,0.00148963
649.044,0.0497099,0.00148403
652.289,0.0501992,0.00149504
655.551,0.04889,0.00148187
658.828,0.0476808,0.00146716
662.122,0.0492441,0.00149429
665.433,0.0502229,0.0015142
668.76,0.0478622,0.001485
672.104,0.0469228,0.00147544
675.464,0.0479708,0.00149529
678.842,0.0471389,0.00148602
682.236,0.0468409,0.00148589
685.647,0.0481066,0.00151187
689.075,0.0480351,0.00151494
692.521,0.0478186,0.0015171
695.983,0.0466825,0.00150412
699.463,0.0465307,0.00150629
702.961,0.0481963,0.00153928
706.475,0.0480828,0.00154133
710.008,0.0490365,0.00156108
713.558,0.0490608,0.00156801
717.126,0.0484982,0.00156347
720.711,0.0468225,0.00154176
724.315,0.0476397,0.00155954
727.936,0.0480809,0.00157204
731.576,0.0484137,0.0015838
735.234,0.0470803,0.00156853
738.91,0.0498839,0.00161801
742.605,0.0478182,0.00158909
746.318,0.0462187,0.00156584
750.049,0.0519726,0.00166856
753.8,0.0522662,0.00167956
757.569,0.0509372,0.00166348
761.356,0.0525383,0.00169455
765.163,0.0529207,0.00170468
768.989,0.0511747,0.00167944
772.834,0.0521372,0.00170441
776.698,0.0532956,0.00172738
780.582,0.0544401,0.00175399
784.485,0.0550492,0.00176757
788.407,0.0539092,0.0017565
792.349,0.0509728,0.00171323
796.311,0.0485442,0.00167698
800.292,0.0480925,0.00167526
804.294,0.0480024,0.00168123
808.315,0.0491946,0.00170756
812.357,0.0496135,0.00172099
816.419,0.050531,0.00174256
820.501,0.0517074,0.00177156
824.603,0.0521917,0.00178431
828.726,0.0504869,0.00176041
832.87,0.0492379,0.00174384
837.034,0.0510102,0.00178179
841.219,0.0513363,0.00179587
845.425,0.0514002,0.0018019
849.653,0.0503956,0.00179081
853.901,0.0495796,0.0017834
858.17,0.0475488,0.00175156
862.461,0.0519298,0.00183447
866.773,0.0516279,0.00183687
871.107,0.0512029,0.00183679
875.463,0.0492946,0.00180867
879.84,0.0472687,0.00177516
884.239,0.0474988,0.00178542
888.661,0.0486499,0.00181594
893.104,0.0490663,0.00182836
897.569,0.0498833,0.0018495
902.057,0.051168,0.00188306
906.568,0.0517503,0.00190396
911.1,0.0528669,0.00193038
915.656,0.0525651,0.00192637
920.234,0.0562429,0.00200297
924.835,0.054372,0.00197498
929.46,0.0558878,0.00200847
934.107,0.0536079,0.00197134
938.777,0.0528885,0.00197114
943.471,0.0551211,0.00201769
948.189,0.053415,0.00199366
952.93,0.0518072,0.00196991
957.694,0.0467471,0.00188249
962.483,0.0538136,0.00202783
967.295,0.0496779,0.00195317
972.132,0.0502704,0.00197108
976.992,0.0509148,0.00199255
981.877,0.0537006,0.00205609
986.787,0.0575535,0.00213612
991.72,0.0533644,0.00206231
996.679,0.0524298,0.00205186
1001.66,0.0524421,0.0020603
1006.67,0.0531276,0.00207918
1011.7,0.0536304,0.00209852
1016.76,0.0556147,0.00214858
1021.85,0.0566519,0.00217434
1026.96,0.0559267,0.00216937
1032.09,0.0604666,0.00226503
1037.25,0.0589072,0.00224403
1042.44,0.0560099,0.00219352
1047.65,0.0544902,0.00217689
1052.89,0.0541457,0.00217684
1058.15,0.0585935,0.00227803
1063.44,0.0531922,0.00217424
1068.76,0.0526951,0.0021748
1074.1,0.0530575,0.002191
1079.47,0.0524402,0.00218863
1084.87,0.0511737,0.00217246
1090.3,0.0509381,0.00217465
1095.75,0.0529543,0.00222199
1101.23,0.0552293,0.00228308
1106.73,0.0509138,0.00219772
1112.27,0.0513941,0.00221841
1117.83,0.0512595,0.00222714
1123.42,0.0493871,0.0021917
1129.03,0.0495394,0.00220609
1134.68,0.0490606,0.00220437
1140.35,0.0533722,0.00230813
1146.05,0.0494577,0.00222935
1151.78,0.0512206,0.00227595
1157.54,0.0510042,0.002285
1163.33,0.0552833,0.00238669
1169.15,0.0505704,0.00229168
1174.99,0.0482549,0.00224976
1180.87,0.0482688,0.00225798
1186.77,0.0506447,0.00232543
1192.71,0.0556022,0.00244451
1198.67,0.0562469,0.00246599
1204.66,0.0518896,0.00237926
1210.69,0.0495278,0.00233238
1216.74,0.053667,0.00243804
1222.82,0.050711,0.00238191
1228.94,0.054019,0.00246637
1235.08,0.0527198,0.00244615
1241.26,0.0545412,0.00249925
1247.46,0.0565825,0.00255802
1253.7,0.0549931,0.00253055
1259.97,0.0510679,0.00245182
1266.27,0.0485384,0.0023989
1272.6,0.0560459,0.0025855
1278.96,0.053651,0.00254053
1285.36,0.0553461,0.00259318
1291.79,0.0541531,0.00257946
1298.24,0.0543815,0.00259788
1304.74,0.053871,0.00259091
1311.26,0.0544153,0.0026166
1317.82,0.0593676,0.00274521
1324.41,0.0584911,0.0027366
1331.03,0.0586683,0.00274747
1337.68,0.0619291,0.00283522
1344.37,0.0664778,0.00295352
1351.09,0.0664556,0.00296
1357.85,0.0631466,0.00290292
1364.64,0.0615175,0.00287914
1371.46,0.0634921,0.00293149
1378.32,0.0669136,0.00301767
1385.21,0.0614075,0.00290496
1392.14,0.0598383,0.00287784
1399.1,0.0612764,0.00292633
1406.09,0.0614155,0.00294738
1413.12,0.0602925,0.00293094
1420.19,0.0602127,0.00293581
1427.29,0.0600225,0.00294147
1434.43,0.0604193,0.00296324
1441.6,0.0623359,0.00302582
1448.81,0.0570109,0.00290625
1456.05,0.0609776,0.00302132
1463.33,0.066486,0.0031665
1470.65,0.0674074,0.00319382
1478,0.0661832,0.00317533
1485.39,0.0645568,0.00315789
1492.82,0.0619333,0.00310295
1500.28,0.0577722,0.00300788
1507.78,0.0635887,0.00317535
1515.32,0.0643276,0.00320273
1522.9,0.0655557,0.0032449
1530.51,0.0612455,0.00314306
1538.16,0.0641197,0.00322843
1545.86,0.0645182,0.00325084
1553.58,0.0553362,0.00302067
1561.35,0.0584499,0.00312252
1569.16,0.0584488,0.00312836
1577,0.0625145,0.00325433
1584.89,0.0643674,0.0033246
1592.81,0.0641891,0.00332076
1600.78,0.0665001,0.00339603
1608.78,0.0636886,0.00333845
1616.83,0.0641714,0.0033646
1624.91,0.0621753,0.00332491
1633.03,0.0603539,0.00329058
1641.2,0.0587347,0.0032535
1649.41,0.0601231,0.0033109
1657.65,0.0626015,0.00338784
1665.94,0.0617889,0.00337652
1674.27,0.0611249,0.00337561
1682.64,0.0588629,0.00332734
1691.06,0.0519364,0.00313791
1699.51,0.0555901,0.00325106
1708.01,0.0560842,0.00328818
1716.55,0.0615772,0.00345511
1725.13,0.0634294,0.00351464
1733.76,0.0634717,0.0035288
1742.43,0.0593412,0.00342664
1751.14,0.0609572,0.0034915
1759.89,0.0590584,0.00344416
1768.69,0.05456,0.00332149
1777.54,0.0530618,0.00328292
1786.42,0.0566352,0.00340629
1795.36,0.0571424,0.00343165
1804.33,0.060437,0.003542
1813.35,0.0619171,0.00359443
1822.42,0.056064,0.00343192
1831.53,0.0568914,0.00347404
1840.69,0.0580062,0.00351769
1849.89,0.0556987,0.00345893
1859.14,0.0531425,0.00339582
1868.44,0.0519714,0.00336539
1877.78,0.054475,0.00345631
1887.17,0.0604757,0.00366107
1896.61,0.0545729,0.00348669
1906.09,0.0534609,0.00346072
1915.62,0.0600944,0.00368321
1925.2,0.0602478,0.00370608
1934.82,0.0546695,0.00354796
1944.5,0.0547824,0.00356028
1954.22,0.0583736,0.0036866
1963.99,0.0582322,0.00369725
1973.81,0.062913,0.00386416
1983.68,0.0569884,0.00367488
1993.6,0.0589729,0.00375672
2003.57,0.0560766,0.00367708
2013.59,0.0624509,0.0038851
2023.65,0.0544263,0.00365091
2033.77,0.0551653,0.00368259
2043.94,0.0541765,0.00366637
2054.16,0.0573683,0.00377819
2064.43,0.0572416,0.00377772
2074.75,0.053667,0.00367185
2085.13,0.0574875,0.00382541
2095.55,0.0581964,0.00386038
2106.03,0.053324,0.00369866
2116.56,0.0532058,0.00371393
2127.14,0.0553156,0.00379921
2137.78,0.0536561,0.00375518
2148.47,0.0522617,0.00371169
2159.21,0.0489448,0.00360395
2170.01,0.0539997,0.0037952
2180.86,0.0510361,0.00369551
2191.76,0.0546926,0.00383527
2202.72,0.0539161,0.00381762
2213.73,0.0530513,0.00380546
2224.8,0.0562008,0.00393933
2235.93,0.0479146,0.0036513
2247.11,0.0509048,0.00376719
2258.34,0.0554219,0.00394049
2269.63,0.0570364,0.00401375
2280.98,0.056149,0.00398978
2292.39,0.0535327,0.00391677
2303.85,0.0541804,0.00394981
2315.37,0.0498545,0.00379701
2326.94,0.0550028,0.00400317
2338.58,0.0620786,0.00426798
2350.27,0.0510939,0.00386407
2362.02,0.054046,0.00399238
2373.83,0.0507476,0.00388775
2385.7,0.0490821,0.00382171
2397.63,0.0553695,0.00408079
2409.62,0.0560064,0.00411677
2421.67,0.0557954,0.00411769
2433.77,0.0566721,0.00417483
2445.94,0.056123,0.00416774
2458.17,0.0604894,0.00433476
2470.46,0.0567779,0.0042106
2482.82,0.0528432,0.00407739
2495.23,0.0547592,0.00415632
2507.71,0.0546174,0.00417404
2520.25,0.0495835,0.00398391
2532.85,0.0544624,0.004177
2545.51,0.056966,0.00428926
2558.24,0.0569816,0.00429872
2571.03,0.0584623,0.00436674
2583.88,0.0577632,0.00436838
2596.8,0.0525874,0.00417365
2609.79,0.0553909,0.00429556
2622.84,0.0588368,0.00443016
2635.95,0.0567909,0.00436105
2649.13,0.0608396,0.0045276
2662.38,0.0584753,0.00446153
2675.69,0.0601111,0.00453825
2689.07,0.0576644,0.00445153
2702.51,0.0665956,0.00480243
2716.02,0.0576503,0.00447779
2729.61,0.0602479,0.00459761
2743.25,0.0601292,0.00459383
2756.97,0.0522332,0.0042911
2770.75,0.0575853,0.00451713
2784.61,0.0572526,0.00451991
2798.53,0.0569917,0.00452761
2812.52,0.0531521,0.00438812
2826.59,0.0523707,0.00435931
2840.72,0.0546881,0.00446045
2854.92,0.0502279,0.00431285
2869.2,0.0593459,0.00471227
2883.54,0.0558479,0.00457206
2897.96,0.0534157,0.0044734
2912.45,0.0552085,0.00456232
2927.01,0.0543333,0.00455069
2941.65,0.0639332,0.00494221
2956.36,0.0622583,0.00489261
2971.14,0.0646431,0.00500104
2985.99,0.0598328,0.00482496
3000.92,0.0576431,0.00474005
3015.93,0.0603646,0.00486891
3031.01,0.0590619,0.00483058
3046.16,0.0560449,0.00471541
3061.39,0.0612358,0.00495678
3076.7,0.0622449,0.00500625
3092.08,0.0658333,0.0051593
3107.54,0.0618689,0.00500611
3123.08,0.0631739,0.00507503
3138.7,0.0626522,0.00507436
3154.39,0.0654216,0.00520499
3170.16,0.0586477,0.00493119
3186.01,0.0666872,0.00528299
3201.94,0.0639904,0.00518214
3217.95,0.058796,0.00498576
3234.04,0.0567648,0.00491891
3250.21,0.0556787,0.00488334
3266.47,0.05554,0.00488747
3282.8,0.058421,0.00502488
3299.21,0.0522625,0.00477443
3315.71,0.0566709,0.00499236
3332.29,0.0591693,0.00512182
3348.95,0.0636854,0.00532608
3365.69,0.0600709,0.00517894
3382.52,0.0563341,0.0050393
3399.43,0.0562864,0.00503365
3416.43,0.050462,0.00479155
3433.51,0.0569461,0.00509969
3450.68,0.0572784,0.0051404
3467.93,0.0583013,0.00521036
3485.27,0.0568194,0.00513984
3502.7,0.0645213,0.00549745
3520.21,0.0617016,0.00538464
3537.81,0.0605412,0.0053592
3555.5,0.0541498,0.00507691
3573.28,0.0572187,0.00524454
3591.15,0.0573686,0.00527511
3609.1,0.0607053,0.0054353
3627.15,0.0594467,0.00537646
3645.28,0.0546362,0.00517743
3663.51,0.0583329,0.00537019
3681.83,0.058083,0.00538029
3700.24,0.0575682,0.00537172
3718.74,0.0553917,0.00528748
3737.33,0.0573532,0.00540412
3756.02,0.0614012,0.00559454
3774.8,0.0673719,0.00588802
3793.67,0.0621645,0.00566355
3812.64,0.0540098,0.00530927
3831.7,0.0554084,0.00538252
3850.86,0.0548084,0.00536938
3870.12,0.0567975,0.00547541
3889.47,0.0647156,0.00586444
3908.92,0.0588754,0.00561485
3928.46,0.0558337,0.00550419
3948.1,0.0591516,0.00566257
3967.84,0.068255,0.0061055
3987.68,0.0659419,0.00600714
4007.62,0.0590957,0.00569289
4027.66,0.0560234,0.00555571
4047.8,0.0533494,0.00544977
4068.04,0.0617994,0.00590416
4088.38,0.0562963,0.00566399
4108.82,0.0592237,0.00582057
4129.36,0.0611901,0.00589836
4150.01,0.0581946,0.00575109
4170.76,0.0593723,0.00583295
4191.61,0.0671532,0.0062483
4212.57,0.0586575,0.00585503
4233.63,0.0639552,0.00611888
4254.8,0.0650102,0.00616956
4276.08,0.0716157,0.00652938
4297.46,0.075353,0.00672229
4318.94,0.0680014,0.00639964
4340.54,0.0666576,0.00633934
4362.24,0.0663811,0.00635245
4384.05,0.0654794,0.00630152
4405.97,0.0611001,0.00612705
4428,0.0590372,0.00602156
4450.14,0.05989,0.00606294
4472.39,0.0577831,0.00599426
4494.75,0.0611348,0.00617365
4517.23,0.0615635,0.00621821
4539.81,0.0585065,0.00609324
4562.51,0.0563044,0.00600911
4585.33,0.0546005,0.00591848
4608.25,0.057082,0.00605663
4631.29,0.0628841,0.00638731
4654.45,0.0714629,0.00683985
4677.72,0.0636783,0.00647942
4701.11,0.0562776,0.00611805
4724.62,0.0607248,0.00637733
4748.24,0.0584747,0.00628614
4771.98,0.0610628,0.00640262
4795.84,0.0600273,0.00635795
4819.82,0.060215,0.00640931
4843.92,0.0573639,0.00626597
4868.14,0.0547071,0.00612438
4892.48,0.0607425,0.00646332
4916.94,0.0682371,0.00688832
4941.53,0.0635994,0.0066464
4966.23,0.066925,0.00681401
4991.07,0.0602187,0.00647793
5016.02,0.0555668,0.00625659
5041.1,0.0619602,0.00662194
5066.31,0.0654907,0.00682678
5091.64,0.0599909,0.00657717
5117.1,0.061011,0.00664584
5142.68,0.0613969,0.00666313
5168.4,0.0571267,0.0064241
5194.24,0.0593808,0.00658325
5220.21,0.0604096,0.00663925
5246.31,0.0638793,0.00688356
5272.54,0.0636212,0.00687726
5298.9,0.0680608,0.00711136
5325.4,0.0679428,0.00711214
5352.03,0.0646215,0.00696784
5378.79,0.0674172,0.00714904
5405.68,0.0656203,0.00707426
5432.71,0.0661275,0.00712093
5459.87,0.0667179,0.00716725
5487.17,0.0648812,0.00707051
5514.61,0.0670127,0.00721131
5542.18,0.071076,0.00744815
5569.89,0.0699411,0.00740894
5597.74,0.0642276,0.00711718
5625.73,0.0649818,0.00716966
5653.86,0.0565711,0.00670397
5682.13,0.0635253,0.00710291
5710.54,0.0667074,0.00731732
5739.09,0.069323,0.00748183
5767.79,0.0679964,0.00741627
5796.62,0.0678062,0.00743065
5825.61,0.0690806,0.00752435
5854.74,0.0663292,0.00743355
5884.01,0.0627872,0.00725169
5913.43,0.064013,0.0073173
5943,0.0677049,0.0075514
5972.71,0.0717152,0.0078154
6002.57,0.0692442,0.00763713
6032.59,0.0616704,0.00722106
6062.75,0.0692,0.007644
6093.06,0.0737676,0.00792138
6123.53,0.0734654,0.00792768
6154.15,0.0790818,0.00824965
6184.92,0.0724727,0.00789615
6215.84,0.0723751,0.00791929
6246.92,0.074559,0.00806334
6278.16,0.0718736,0.00795233
6309.55,0.066853,0.00768557
6341.09,0.0758087,0.00819273
6372.8,0.0710775,0.0079426
6404.66,0.0662513,0.00767168
6436.69,0.0645874,0.00758344
6468.87,0.0671205,0.00778065
6501.22,0.0625358,0.00753927
6533.72,0.067196,0.00782946
6566.39,0.0744545,0.00825297
6599.22,0.0775885,0.00844021
6632.22,0.0634017,0.00760619
6665.38,0.0628673,0.00760043
6698.71,0.0672393,0.00787785
6732.2,0.0716533,0.00814728
6765.86,0.0752389,0.00836152
6799.69,0.0726244,0.00830566
6833.69,0.0745073,0.00840367
6867.86,0.0786868,0.00864632
6902.2,0.0822432,0.00886223
6936.71,0.0758677,0.00852059
6971.39,0.0706706,0.00824847
7006.25,0.075508,0.0085189
7041.28,0.077793,0.00866968
7076.49,0.076554,0.0086571
7111.87,0.0807252,0.00890137
7147.43,0.077245,0.00869151
7183.16,0.0725471,0.00844156
7219.08,0.0796012,0.00891848
7255.18,0.0736342,0.00861001
7291.45,0.0742335,0.00863966
7327.91,0.074253,0.00864587
7364.55,0.0761157,0.00875775
7401.37,0.0711797,0.00847106
7438.38,0.0686242,0.00834476
7475.57,0.0677379,0.00831175
7512.95,0.0645003,0.00812927
7550.51,0.0704741,0.00854777
7588.26,0.0686688,0.00845061
7626.21,0.0650965,0.00822232
7664.34,0.0735603,0.00880855
7702.66,0.0813726,0.00931473
7741.17,0.0814181,0.00930941
7779.88,0.07267,0.00875707
7818.78,0.0724321,0.00880846
7857.87,0.0744743,0.00896351
7897.16,0.0764533,0.00909199
7936.65,0.0705794,0.00873605
7976.33,0.0769189,0.00910629
8016.21,0.0773642,0.00914498
8050.87,0.0775195,0.0107262
