# X , Y , E Distribution=true

-20.1034,0,0
-19.9824,0,0
-19.8614,0,0
-19.7404,0,0
-19.6194,0,0
-19.4985,0,0
-19.3775,0,0
-19.2565,0,0
-19.1355,0,0
-19.0145,0,0
-18.8935,0,0
-18.7726,0,0
-18.6516,0,0
-18.5306,0,0
-18.4096,0,0
-18.2886,0,0
-18.1676,0,0
-18.0467,0,0
-17.9257,0,0
-17.8047,0,0
-17.6837,0,0
-17.5627,0,0
-17.4417,0,0
-17.3208,0,0
-17.1998,0,0
-17.0788,0,0
-16.9578,0,0
-16.8368,0,0
-16.7158,0,0
-16.5949,0,0
-16.4739,0,0
-16.3529,0,0
-16.2319,0,0
-16.1109,0,0
-15.9899,0,0
-15.869,0,0
-15.748,0,0
-15.627,0,0
-15.506,0,0
-15.385,0.11508,0.115157
-15.264,0,0
-15.1431,0,0
-15.0221,0,0
-14.9011,0,0
-14.7801,0,0
-14.6591,0,0
-14.5381,0.0557395,0.07941
-14.4172,0.0550328,0.0773488
-14.2962,0,0
-14.1752,0,0
-14.0542,0,0
-13.9332,0,0
-13.8122,0,0
-13.6913,0,0
-13.5703,0,0
-13.4493,0,0
-13.3283,0,0
-13.2073,0,0
-13.0863,0,0
-12.9654,0,0
-12.8444,0,0
-12.7234,0,0
-12.6024,0,0
-12.4814,0,0
-12.3604,0,0
-12.2395,0,0
-12.1185,0,0
-11.9975,0,0
-11.8765,0,0
-11.7555,0,0
-11.6345,0,0
-11.5136,0,0
-11.3926,0.240435,0.170291
-11.2716,0,0
-11.1506,0.115255,0.11529
-11.0296,0.117993,0.118038
-10.9086,0,0
-10.7877,0,0
-10.6667,0,0
-10.5457,0,0
-10.4247,0,0
-10.3037,0,0
-10.1828,0,0
-10.0618,0,0
-9.94078,0,0
-9.8198,0,0
-9.69882,0,0
-9.57783,0,0
-9.45685,0,0
-9.33587,0,0
-9.21488,0,0
-9.0939,0,0
-8.97292,0,0
-8.85194,0,0
-8.73095,0,0
-8.60997,0,0
-8.48899,0,0
-8.368,0,0
-8.24702,0,0
-8.12604,0,0
-8.00505,0,0
-7.88407,0,0
-7.76309,0,0
-7.6421,0.0430679,0.0753472
-7.52112,0.128956,0.130384
-7.40014,0.083456,0.100297
-7.27915,0.139973,0.14005
-7.15817,0,0
-7.03719,0,0
-6.9162,0,0
-6.79522,0,0
-6.67424,0.0120152,0.0398492
-6.55326,0.120316,0.126238
-6.43227,0,0
-6.31129,0,0
-6.19031,0,0
-6.06932,0,0
-5.94834,0.0964042,0.106456
-5.82736,0.135525,0.124813
-5.70637,0.120272,0.120319
-5.58539,0,0
-5.46441,0,0
-5.34342,0,0
-5.22244,0,0
-5.10146,0.125502,0.125539
-4.98047,0.123201,0.123234
-4.85949,0.243956,0.172552
-4.73851,0.13303,0.13308
-4.61752,0.121074,0.121102
-4.49654,0.125555,0.125583
-4.37556,0.471156,0.241046
-4.25457,0.130311,0.132162
-4.13359,0.809249,0.322577
-4.01261,0.221105,0.161262
-3.89163,0.340629,0.202826
-3.77064,0.397458,0.222805
-3.64966,0.319243,0.198242
-3.52868,0.938371,0.346382
-3.40769,1.10702,0.377021
-3.28671,2.00785,0.507039
-3.16573,1.93912,0.498244
-3.04474,1.64512,0.460927
-2.92376,2.55148,0.577469
-2.80278,2.16806,0.528176
-2.68179,1.78828,0.484361
-2.56081,2.39364,0.555464
-2.43983,2.18696,0.536513
-2.31884,1.45783,0.439296
-2.19786,2.56533,0.578933
-2.07688,1.67103,0.470515
-1.95589,1.66438,0.468247
-1.83491,2.37092,0.556303
-1.71393,2.89112,0.62059
-1.59295,2.06555,0.522841
-1.47196,1.95483,0.509378
-1.35098,1.22561,0.405609
-1.23,1.97525,0.509574
-1.10901,1.91017,0.504669
-0.988029,1.50628,0.449146
-0.867046,1.37802,0.428353
-0.746063,1.91634,0.500407
-0.62508,0.801137,0.32403
-0.504097,0.945659,0.35255
-0.383113,1.59062,0.451257
-0.26213,1.62785,0.461403
-0.141147,1.04894,0.372065
-0.0201639,1.73606,0.475336
0.100819,1.99654,0.510454
0.221802,1.74883,0.479064
0.342786,1.68395,0.469434
0.463769,1.21395,0.402555
0.584752,2.07782,0.523644
0.705735,1.45592,0.436164
0.826718,2.43407,0.565712
0.947701,2.17144,0.536002
1.06868,2.87639,0.619217
1.18967,2.22731,0.543285
1.31065,2.21018,0.541241
1.43163,3.01844,0.631191
1.55262,2.32322,0.559639
1.6736,2.56684,0.587188
1.79458,2.90567,0.619861
1.91557,2.64064,0.592995
2.03655,3.52882,0.686873
2.15753,4.22327,0.750693
2.27852,3.43449,0.678621
2.3995,4.07091,0.740809
2.52048,4.41581,0.771171
2.64147,3.60386,0.697486
2.76245,4.78444,0.806065
2.88343,3.55214,0.69098
3.00442,5.93189,0.894593
3.1254,5.50291,0.858188
3.24638,4.67672,0.792622
3.36736,4.87146,0.813648
3.48835,7.27823,0.988002
3.60933,6.05807,0.90348
3.73031,8.41459,1.06031
3.8513,6.05315,0.899424
3.97228,7.88014,1.02967
4.09326,7.35921,0.994506
4.21425,6.01306,0.900574
4.33523,6.74295,0.951921
4.45621,6.0685,0.903967
4.5772,3.92002,0.727686
4.69818,5.14594,0.837753
4.81916,3.96988,0.735996
4.94015,3.74819,0.713474
5.06113,3.58223,0.700686
5.18211,2.97196,0.635877
5.3031,1.96393,0.518075
5.42408,2.03192,0.531181
5.54506,2.83757,0.624486
5.66605,1.6128,0.471613
5.78703,2.8272,0.626666
5.90801,2.28768,0.56224
6.02899,2.93836,0.637149
6.14998,2.07536,0.537499
6.27096,2.47784,0.588915
6.39194,2.29947,0.56392
6.51293,2.59478,0.600384
6.63391,2.15746,0.547247
6.75489,2.07816,0.539375
6.87588,2.8653,0.632992
6.99686,2.39137,0.581161
7.11784,2.39794,0.576317
7.23883,3.01598,0.648678
7.35981,3.77597,0.726423
7.48079,5.41965,0.875912
7.60178,3.51881,0.706661
7.72276,3.78097,0.727409
7.84374,6.70164,0.972685
7.96473,4.37801,0.781335
8.08571,5.89288,0.913833
8.20669,6.72699,0.978135
8.32767,5.08459,0.847762
8.44866,3.67349,0.72626
8.56964,3.93724,0.746731
8.69062,2.79179,0.63126
8.81161,3.41488,0.700828
8.93259,2.02721,0.53826
9.05357,1.71044,0.493329
9.17456,2.48544,0.599385
9.29554,0.780337,0.335302
9.41652,0.842961,0.350091
9.53751,0.518437,0.27208
9.65849,0.750465,0.329562
9.77947,0.931466,0.369034
9.90046,0.556956,0.282057
10.0214,0.765168,0.333454
10.1424,0.971219,0.375995
10.2634,0.623076,0.303878
10.3844,0.436602,0.254443
10.5054,0.34321,0.224388
10.6264,0.390898,0.239823
10.7473,0.141761,0.141799
10.8683,0.148162,0.148179
10.9893,0.301547,0.213251
11.1103,0.257273,0.194105
11.2313,0.0352792,0.0716097
11.3523,0.292268,0.212977
11.4732,0.106494,0.126375
11.5942,0.511346,0.278131
11.7152,0.00342249,0.0229679
11.8362,0.00173184,0.0162284
11.9572,0.304825,0.216213
12.0782,0.767723,0.342987
12.1991,1.16148,0.421072
12.3201,0.579719,0.300641
12.4411,0.26906,0.203535
12.5621,0.976086,0.388289
12.6831,0.552945,0.292311
12.8041,0.617309,0.308722
12.925,0.762855,0.341982
13.046,0.576053,0.297664
13.167,0.0432854,0.0830418
13.288,0,0
13.409,0.155206,0.155238
13.53,0.30262,0.217166
13.6509,0.474031,0.271196
13.7719,0.160004,0.16002
13.8929,0.00329105,0.0226365
14.0139,0.152635,0.15429
14.1349,0.225406,0.18983
14.2559,0.0940647,0.122515
14.3768,0,0
14.4978,0,0
14.6188,0,0
14.7398,0.153846,0.153863
14.8608,0.15816,0.158187
14.9817,0,0
15.1027,0.147524,0.147534
15.2237,0,0
15.3447,0,0
15.4657,0,0
15.5867,0.158104,0.158122
15.7076,0,0
15.8286,0,0
15.9496,0,0
16.0706,0,0
16.1916,0,0
16.3126,0,0
16.4335,0,0
16.5545,0,0
16.6755,0,0
16.7965,0,0
16.9175,0,0
17.0385,0.154285,0.154299
17.1594,0,0
17.2804,0.127521,0.143076
17.4014,0.033068,0.0729636
17.5224,0.145263,0.151367
17.6434,0.0125158,0.0446008
17.7644,0,0
17.8853,0,0
18.0063,0.154697,0.154713
18.1273,0.16025,0.160261
18.2483,0,0
18.3693,0,0
18.4903,0,0
18.6112,0,0
18.7322,0,0
18.8532,0,0
18.9742,0,0
19.0952,0,0
19.2162,0,0
19.3371,0,0
19.4581,0,0
19.5791,0,0
19.7001,0,0
19.8211,0,0
19.9421,0,0
20.063,0,0
20.184,0,0
20.305,0,0
20.426,0,0
20.547,0,0
20.668,0,0
20.7889,0,0
20.9099,0.168915,0.168928
21.0309,0,0
21.1519,0.165166,0.165237
21.2729,0.0111969,0.0429203
21.3939,0.155803,0.161411
21.5148,0,0
21.6358,0.162505,0.16252
21.7568,0.162538,0.162552
21.8778,0,0
21.9988,0.319194,0.225757
22.1198,0,0
22.2407,0,0
22.3617,0,0
22.4827,0,0
22.6037,0.172902,0.17295
22.7247,0,0
22.8457,0,0
22.9666,0,0
23.0876,0,0
23.2086,0,0
23.3296,0,0
23.4506,0,0
23.5716,0,0
23.6925,0,0
23.8135,0,0
23.9345,0,0
24.0555,0,0
24.1563,0,0
24.2571,0,0
24.3784,0.0106113,0.0217942
24.5003,0.0341241,0.0390734
24.6228,0,0
24.7459,0,0
24.8696,0.0889147,0.0628908
24.994,0.0405278,0.0405318
25.119,0,0
25.2446,0.000960137,0.0065601
25.3708,0.0601581,0.0511517
25.4976,0.0229825,0.0299493
25.6251,0.0178781,0.0275238
25.7533,0.0243629,0.03205
25.882,0.0390442,0.0390496
26.0114,0.00463134,0.0135468
26.1415,0.148859,0.0787119
26.2722,0.057245,0.0489134
26.4036,0.0361098,0.0377043
26.5356,0,0
26.6682,0,0
26.8016,0.0413367,0.0413398
26.9356,0.0127432,0.0240561
27.0703,0.0322729,0.0380544
27.2056,0,0
27.3417,0,0
27.4784,0,0
27.6158,0.000168314,0.00273242
27.7538,0.0802707,0.0569042
27.8926,0.0377326,0.0377363
28.0321,0,0
28.1722,0.0288146,0.0340217
28.3131,0.0860973,0.0582592
28.4547,0.082967,0.0573165
28.5969,0.0320015,0.0343497
28.7399,0.0788965,0.0545599
28.8836,0.0359572,0.0353179
29.028,0,0
29.1732,0,0
29.319,0,0
29.4656,0.0961548,0.0617294
29.613,0.0613158,0.0489852
29.761,0.0369079,0.0369112
29.9098,0,0
30.0594,0,0
30.2097,0,0
30.3607,0,0
30.5125,0,0
30.6651,0,0
30.8184,0,0
30.9725,0,0
31.1274,0,0
31.283,0,0
31.4394,0.037757,0.0369136
31.5966,0.06921,0.0495242
31.7546,0.0268017,0.0293735
31.9134,0.0572818,0.0443938
32.0729,0.0699618,0.0481303
32.2333,0.0123435,0.0200758
32.3945,0.0341727,0.0341761
32.5564,0.060099,0.045508
32.7192,0.00826434,0.0164626
32.8828,0,0
33.0472,0,0
33.2125,0.0553906,0.0427055
33.3785,0.0108867,0.0194883
33.5454,0.134854,0.0673165
33.7132,0.0542528,0.0423081
33.8817,0.0187954,0.0248908
34.0511,0.0903981,0.054745
34.2214,0,0
34.3925,0,0
34.5645,0,0
34.7373,0,0
34.911,0.0300204,0.0300226
35.0855,0,0
35.2609,0.0332049,0.0332069
35.4373,0.066026,0.0466916
35.6144,0,0
35.7925,0,0
35.9715,0,0
36.1513,0,0
36.3321,0.0286453,0.0289006
36.5137,0.0304206,0.0307264
36.6963,0.0565982,0.0416256
36.8798,0.064296,0.043564
37.0642,0.00334335,0.0102449
37.2495,0.0282115,0.0298479
37.4358,0,0
37.6229,0.0319122,0.0319143
37.8111,0.00408624,0.0110709
38.0001,0.0559821,0.0410102
38.1901,0.0314432,0.0305199
38.3811,0.057886,0.0410746
38.573,0.0487246,0.0378776
38.7658,0.0702794,0.0463996
38.9597,0,0
39.1545,0,0
39.3502,0.0191349,0.0230122
39.547,0.0189633,0.0227476
39.7447,0.0162397,0.0207365
39.9434,0.0258678,0.0277871
40.1432,0.0328079,0.0308227
40.3439,0.000474145,0.00353215
40.5456,0.0257586,0.0259954
40.7483,0.0835085,0.0482176
40.9521,0,0
41.1568,0.0381531,0.0329552
41.3626,0.0171127,0.0211233
41.5694,0,0
41.7773,0.0263074,0.0263085
41.9862,0,0
42.1961,0.0273688,0.027615
42.4071,0.0491702,0.0362231
42.6191,0.00471711,0.0112863
42.8322,0.0158751,0.0211054
43.0464,0.0399928,0.0333971
43.2616,0.0753018,0.0440265
43.4779,0.00175077,0.00654799
43.6953,0,0
43.9138,0,0
44.1333,0,0
44.354,0.0253097,0.0253107
44.5758,0.0508629,0.0359744
44.7987,0.0242416,0.024243
45.0226,0.0262734,0.0262755
45.2478,0.0590421,0.0395225
45.474,0.0945307,0.0487924
45.7014,0.0272516,0.0272532
45.9299,0.0256003,0.025602
46.1595,0,0
46.3903,0.00222802,0.00732324
46.6223,0.0478245,0.0346716
46.8554,0.0466267,0.0336129
47.0897,0.00180499,0.00656848
47.3251,0,0
47.5617,0,0
47.7995,0.0524913,0.037122
48.0385,0,0
48.2787,0.0236087,0.0236095
48.5201,0.0252455,0.0252473
48.7627,0.0430491,0.0320096
49.0065,0.0645052,0.0394412
49.2516,0.0380203,0.030962
49.4978,0.0362127,0.0288166
49.7453,0.0255386,0.0244419
49.994,0.0691229,0.0401962
50.244,0.0314535,0.0269154
50.4952,0,0
50.7477,0.0228464,0.022848
51.0015,0,0
51.2565,0.0456397,0.0323037
51.5127,0.0243807,0.0243759
51.7703,0.0672353,0.0393274
52.0292,0.0292988,0.0252246
52.2893,0.0856977,0.0447031
52.5507,0.0706177,0.0400048
52.8135,0.0850562,0.0440986
53.0776,0.0553745,0.0351915
53.343,0.105752,0.0486829
53.6097,0.0814596,0.043152
53.8777,0.0251561,0.0235235
54.1471,0.0507004,0.0335751
54.4178,0.00906602,0.0137567
54.6899,0.0117686,0.0156489
54.9634,0.0539213,0.0348512
55.2382,0.076871,0.0423965
55.5144,0.0245812,0.0233549
55.792,0.0489215,0.032966
56.0709,0.0219047,0.0219066
56.3513,0,0
56.633,0.0677675,0.0391409
56.9162,0.0230427,0.0226466
57.2008,0.0948479,0.0444053
57.4868,0.0293481,0.0248
57.7742,0,0
58.0631,0,0
58.3534,0.00480446,0.010045
58.6452,0.0574068,0.0344872
58.9384,0,0
59.2331,0.075401,0.0392959
59.5293,0.0697995,0.0383476
59.8269,0.0198749,0.0198755
60.126,0.0220343,0.0220352
60.4267,0.0200665,0.0200671
60.7288,0,0
61.0324,0.0662138,0.0372816
61.3376,0.0402612,0.0296633
61.6443,0.0419048,0.0296787
61.9525,0.0406821,0.0295145
62.2623,0.0225953,0.0215555
62.5736,0,0
62.8865,0,0
63.2009,0.0313958,0.0247179
63.5169,0.0294823,0.024592
63.8345,0.0196429,0.0201779
64.1537,0.0502705,0.0313908
64.4744,0.0488865,0.0313351
64.7968,0.059061,0.0341046
65.1208,0.0483156,0.0317932
65.4464,0.0142753,0.0171919
65.7736,0.0391725,0.0275071
66.1025,0.0588118,0.0341451
66.433,0.0306457,0.0246105
66.7652,0.0736777,0.0384981
67.099,0.0154841,0.0175152
67.4345,0.0206221,0.0206231
67.7716,0.0377082,0.0274421
68.1105,0.02189,0.0207631
68.4511,0.0405352,0.0286713
68.7933,0.0411953,0.0276709
69.1373,0.0333355,0.0259246
69.483,0.0547544,0.0327227
69.8304,0.0663154,0.0363896
70.1795,0,0
70.5304,0.0401477,0.0283902
70.8831,0.0200984,0.0200991
71.2375,0.0192859,0.0192866
71.5937,0.016189,0.0174829
71.9517,0.0755178,0.0380664
72.3114,0.0463894,0.0294811
72.673,0.0616465,0.0338508
73.0363,0.00721473,0.011406
73.4015,0.0357308,0.0252671
73.7685,0,0
74.1374,0,0
74.5081,0,0
74.8806,0,0
75.255,0.0209397,0.0193414
75.6313,0.0145017,0.0159395
76.0094,0.0191541,0.0191552
76.3895,0.00058618,0.00321329
76.7714,0.0211499,0.0194793
77.1553,0.0329373,0.0246687
77.5411,0,0
77.9288,0,0
78.3184,0,0
78.71,0,0
79.1035,0,0
79.4991,0,0
79.8966,0.0363524,0.0261958
80.296,0.0362761,0.0251965
80.6975,0.0171856,0.0171862
81.101,0.0349672,0.0247409
81.5065,0.0326473,0.0243842
81.9141,0.00706707,0.0112008
82.3236,0.0923843,0.0404071
82.7352,0.0269387,0.0214685
83.1489,0.0176558,0.0176564
83.5647,0,0
83.9825,0.0168292,0.0168299
84.4024,0.0367008,0.0259526
84.8244,0.033674,0.0239405
85.2485,0.0637469,0.0337853
85.6748,0.0736009,0.0353374
86.1031,0.0199905,0.0190574
86.5337,0.0154403,0.0168331
86.9663,0.0211372,0.0196382
87.4012,0.0136835,0.0158311
87.8382,0.0578272,0.0319694
88.2774,0.0337852,0.0240896
88.7187,0,0
89.1623,0.0158887,0.0165233
89.6082,0.020095,0.0186253
90.0562,0.0811202,0.0370432
90.5065,0.0345853,0.0238442
90.959,0.0153762,0.0161271
91.4138,0.0341974,0.0236608
91.8709,0.0508241,0.0293507
92.3302,0,0
92.7919,0.0246382,0.0205996
93.2558,0.00941941,0.0124971
93.7221,0.0250295,0.0202055
94.1907,0.0078921,0.0116395
94.6617,0.0336529,0.0238149
95.135,0,0
95.6107,0.0324882,0.0230173
96.0887,0.0173072,0.0173079
96.5692,0.0535853,0.029455
97.052,0.0109141,0.0132018
97.5373,0.0168011,0.0160554
98.0249,0.0299446,0.0217188
98.5151,0.0300784,0.0224773
99.0076,0.0267803,0.0208127
99.5027,0.0540695,0.0287871
100,0.0486249,0.0277373
100.5,0.0139682,0.0144121
101.003,0.0466413,0.0273155
101.508,0.0323165,0.0227162
102.015,0.0623063,0.0310264
102.525,0.0290766,0.0217536
103.038,0.0284555,0.0215176
103.553,0.016805,0.016444
104.071,0.0306866,0.0215792
104.591,0.0215626,0.0182945
105.114,0.00174592,0.0051306
105.64,0.0303812,0.0212957
106.168,0.0330412,0.0227582
106.699,0.0381312,0.0242408
107.232,0.018328,0.0163796
107.768,0.0305006,0.0215682
108.307,0.016299,0.0162995
108.849,0,0
109.393,0.0145784,0.014579
109.94,0,0
110.49,0.0303293,0.0212761
111.042,0.0292944,0.0208916
111.597,0.027385,0.0199699
112.155,0.0713879,0.0325079
112.716,0.0198871,0.0175379
113.28,0.0166725,0.0154166
113.846,0.01188,0.0130375
114.415,0.0442762,0.0255717
114.987,0.00357477,0.00722235
115.562,0.0413126,0.0248135
116.14,0.0294752,0.0209673
116.721,0.0277546,0.0205047
117.305,0.0169405,0.0157022
117.891,0.0155932,0.0155938
118.481,0,0
119.073,0.00580432,0.00920712
119.668,0.100924,0.0383761
120.267,0.0387964,0.0237204
120.868,0.0146588,0.0146593
121.472,0.060062,0.0296511
122.08,0.0359373,0.0231594
122.69,0.0218484,0.0177176
123.304,0.0290114,0.0207581
123.92,0.0188292,0.0168329
124.54,0.0407216,0.0245671
125.162,0.000965395,0.0037701
125.788,0.0136891,0.0141617
126.417,0.0401971,0.0241068
127.049,0.0496872,0.0269615
127.684,0.0124158,0.0137477
128.323,0.0141533,0.0139847
128.964,0.0413707,0.0242866
129.609,0.0158759,0.0151392
130.257,0.0339957,0.0221145
130.909,0.0234218,0.0188949
131.563,0.0316449,0.0220017
132.221,0.00539057,0.0086267
132.882,0.0718544,0.0320473
133.546,0.0245883,0.0186625
134.214,0.0310235,0.0209814
134.885,0.0374422,0.0229889
135.56,0.0433773,0.0250461
136.238,0.077301,0.0332885
136.919,0.0337002,0.022113
137.603,0.0540995,0.0274505
138.291,0.0782631,0.0336638
138.983,0.0559787,0.0284689
139.678,0.0377464,0.0234817
140.376,0.00979698,0.0117528
141.078,0.100946,0.0377922
141.783,0.0194469,0.0166525
142.492,0.0450292,0.0253826
143.205,0.0603513,0.0295998
143.921,0.0327702,0.0214451
144.64,0.0437333,0.0246628
145.364,0.0464336,0.0255625
146.09,0.0401716,0.0238822
146.821,0.103527,0.0381667
147.555,3.79803e-05,0.000752229
148.293,0.084153,0.0343729
149.034,0.00512517,0.0084716
149.779,0.0222155,0.0178112
150.528,0.0147723,0.0142732
151.281,0.054218,0.0279565
152.037,0.0177433,0.0161151
152.797,0.0280759,0.019763
153.561,0.0255754,0.0191437
154.329,0.0266087,0.0190441
155.101,0.0440912,0.0247187
155.876,0.0623452,0.0295286
156.656,0.052826,0.0273223
157.439,0.0302118,0.0202242
158.226,0.0469768,0.0251871
159.017,0.0446317,0.0250744
159.812,0.03508,0.0224233
160.612,0.0417824,0.0239704
161.415,0.0329697,0.0209523
162.222,0.0441767,0.0249534
163.033,0.0660683,0.0306586
163.848,0.0284606,0.0199973
164.667,0.0436811,0.024489
165.491,0.0811642,0.0331506
166.318,0.0143483,0.0140582
167.15,0.0503477,0.0264928
167.985,0.0568599,0.0281647
168.825,0.0564827,0.0279893
169.669,0.0544889,0.0276154
170.518,0.0697911,0.0308862
171.37,0.055917,0.0278461
172.227,0.0536329,0.0271009
173.088,0.0634274,0.0297209
173.954,0.0645179,0.0299464
174.823,0.0279518,0.019398
175.698,0.0397616,0.0232958
176.576,0.0363436,0.0221142
177.459,0.062014,0.0297878
178.346,0.040595,0.0234505
179.238,0.0525237,0.0267817
180.134,0.0174322,0.015437
181.035,0.0245914,0.0181379
181.94,0.0271277,0.0191857
182.85,0,0
183.764,0.014677,0.0146774
184.683,0.0373017,0.0225822
185.606,0.0328263,0.0212391
186.534,0.0399025,0.023521
187.467,0.0323856,0.0214764
188.404,0.0229136,0.0174571
189.346,0.00172653,0.00485207
190.293,0.0118491,0.0126794
191.244,0.0122078,0.0128451
192.201,0.0295363,0.0204201
193.162,0.0308874,0.0209078
194.128,0.0677083,0.0300265
195.098,0.0651736,0.029672
196.074,0.0219722,0.0170763
197.054,0.0303105,0.0202684
198.039,0.00362688,0.00728698
199.029,0.0254847,0.0192528
200.025,0,0
201.025,0.0133427,0.0133431
202.03,0,0
203.04,0.0230825,0.0177039
204.055,0.0454652,0.0250487
205.075,0.0462065,0.0253721
206.101,0.0380388,0.0224894
207.131,0.0104648,0.0115871
208.167,0.0132449,0.0132451
209.208,0,0
210.254,0.022639,0.0174658
211.305,0.0205943,0.016526
212.362,0.0507558,0.0266957
213.424,0.0166548,0.0150911
214.491,0.0142845,0.0138005
215.563,0.025219,0.0184859
216.641,0.0147654,0.0146415
217.724,0.0302432,0.0209905
218.813,0.0117401,0.012382
219.907,0.0139601,0.0139614
221.006,0,0
222.111,0.026616,0.019162
223.222,0.0149288,0.0144329
224.338,0,0
225.46,0.0144116,0.0139003
226.587,0.0362497,0.0220174
227.72,0.0112738,0.0122827
228.859,0.0487958,0.0258572
230.003,0.0111484,0.012464
231.153,0.0631812,0.0298413
232.309,0.050772,0.0262728
233.47,0.0378073,0.0227448
234.638,0.0254354,0.0183545
235.811,0.0387541,0.0230025
236.99,0.0305188,0.0203129
238.175,0.0276631,0.0197176
239.366,0.0083156,0.0105384
240.562,0.00499381,0.00812969
241.765,0.0462935,0.0249863
242.974,0.0228224,0.0177625
244.189,0.0191978,0.0164292
245.41,0.00720589,0.00975362
246.637,0.000198745,0.00170421
247.87,0.0362913,0.0229053
249.109,0.059822,0.0289384
250.355,0.0188648,0.0163229
251.607,0.080807,0.0334296
252.865,0.0188075,0.0157573
254.129,0.0208065,0.0165847
255.4,0,0
256.677,0.0063799,0.00941553
257.96,0.0375169,0.0225462
259.25,0.0235861,0.0177481
260.546,0.0243197,0.0178965
261.849,0.0216624,0.0169522
263.158,0.0131278,0.0132346
264.474,0.00822576,0.0106175
265.796,0.063851,0.0292937
267.125,0.0315168,0.02092
268.461,0.0221951,0.0177338
269.803,0.0295637,0.0199496
271.152,0.0413206,0.0238164
272.508,0.0155496,0.0147569
273.871,0.00862512,0.0112071
275.24,0.0282849,0.0200381
276.616,0.0422053,0.0241776
277.999,0.0185397,0.0164355
279.389,0.0170442,0.0152081
280.786,0.0270078,0.0199656
282.19,0,0
283.601,0.0152094,0.0142242
285.019,0.0118093,0.0127619
286.444,0.00565113,0.00866795
287.876,0.0226565,0.0179408
289.316,0.0271787,0.0193599
290.762,0.00248795,0.00575023
292.216,0.0244785,0.0181818
293.677,0.0223789,0.0179783
295.146,0.0293658,0.0207418
296.621,0.0119741,0.0132764
298.104,0.0632454,0.0296205
299.595,0.0134539,0.0137596
301.093,0.00994058,0.0120235
302.598,0.0191797,0.0166393
304.111,0.0298197,0.0206486
305.632,0,0
307.16,0.0238634,0.0180347
308.696,0.0141765,0.014297
310.239,0.0108787,0.0126366
311.791,0.0213808,0.0173329
313.35,0.0138513,0.014045
314.916,0.0433781,0.0246682
316.491,0.0418717,0.02431
318.073,0.0387164,0.0235127
319.664,0.0190129,0.0170063
321.262,0.0256996,0.0196228
322.868,0.0183688,0.0162462
324.483,0.010911,0.0127197
326.105,0.00393813,0.00766284
327.736,0.0157181,0.0151876
329.374,0.0251588,0.0193541
331.021,0.0217591,0.0180423
332.676,0.0422711,0.0253537
334.34,0.0176844,0.0161652
336.011,0.0121302,0.0135371
337.691,0.00274298,0.00643483
339.38,0.0197093,0.0171395
341.077,0.00703207,0.0100006
342.782,0.0144072,0.0145097
344.496,0.0152337,0.0151284
346.218,0.0155208,0.0155211
347.95,0.0150754,0.0150757
349.689,0.0154302,0.0154308
351.438,0,0
353.195,7.35103e-05,0.00103796
354.961,0.014511,0.0145478
356.736,0.00852362,0.0112327
358.519,0.00627705,0.00963837
360.312,0,0
362.114,0,0
363.924,0.00954614,0.0122036
365.744,0.0256434,0.0198961
367.572,0.0120475,0.0141672
369.41,0.0148914,0.0148916
371.257,0.00739936,0.0108247
373.114,0.0333455,0.0227375
374.979,0.0376025,0.0251182
376.854,0.0172645,0.0167955
378.738,0.0418673,0.0257358
380.632,0.0335251,0.0229037
382.535,0.0198164,0.0175057
384.448,0,0
386.37,0.0172257,0.0172264
388.302,0.00698017,0.0107469
390.244,0.0248858,0.0202327
392.195,0.0162989,0.0159837
394.156,0.0264362,0.0207981
396.127,0.0238335,0.020112
398.107,0,0
400.098,0.00248402,0.00663734
402.098,0.0152853,0.0164836
404.109,0.0169146,0.0169151
406.129,0.0283961,0.0220319
408.16,0.00594473,0.0102382
410.201,0,0
412.252,0.010057,0.0134744
414.313,0.0594026,0.0326426
416.384,0.0384189,0.0263345
418.466,0.0104281,0.0130083
420.559,0.00577736,0.00966517
422.662,0.00159824,0.00512259
424.775,0.0322294,0.02338
426.899,0.0185432,0.0185437
429.033,0,0
431.178,0,0
433.334,0,0
435.501,0,0
437.678,0,0
439.867,0,0
442.066,0,0
444.276,0,0
446.498,0,0
448.73,0,0
450.974,0.0373189,0.0264019
453.229,0.00381288,0.00860319
455.495,0.0495,0.0305416
457.773,0.0118358,0.014361
460.061,0.00852872,0.012182
462.362,0.0145507,0.0163116
464.673,0.00373613,0.00826832
466.997,0.0186793,0.018677
469.332,0.0176116,0.0176165
471.679,0.0253146,0.0218045
474.037,0.0135769,0.0162177
476.407,0.0235847,0.0218742
478.789,0.0254243,0.0228061
481.183,0.0111331,0.0150737
483.589,0,0
486.007,0,0
488.437,0.0395949,0.0276241
490.879,0.0357403,0.0265546
493.334,0.0331552,0.0254464
495.8,0.00814923,0.012462
498.279,0.0170079,0.0181572
500.771,0.00237194,0.00677553
503.274,0,0
505.791,0.000483661,0.00314222
508.32,0.0197389,0.0199776
510.861,0,0
513.416,0,0
515.983,0,0
518.563,0,0
521.155,0,0
523.761,0.025504,0.0238022
526.38,0.0192019,0.0208061
529.012,0,0
531.657,0.00734908,0.0128246
534.315,0.0355543,0.0275279
536.987,0,0
539.672,0.0204109,0.0217385
542.37,0.0112768,0.0158241
545.082,0.0133371,0.0170742
547.807,0.0189295,0.0210459
550.546,0.0127402,0.0168948
553.299,0.0135788,0.0172201
556.066,0.0319755,0.0267144
558.846,0.0362787,0.0279531
561.64,0.0187121,0.0199346564.448,0.00192636,0.00650735
567.271,0.0413868,0.0299292
570.107,0.00243936,0.00774873
572.958,0.0225542,0.0235237
575.822,0.0367997,0.0288445
578.702,0.0643612,0.0392096
581.595,0.016397,0.0203071
584.503,0,0
587.426,0,0
590.363,0.00598478,0.0123514
593.314,0.0397874,0.0312581
596.281,0.0033497,0.00887021
599.262,0.00580574,0.0116687
602.259,0.0683384,0.0412273
605.27,0,0
608.296,0.030802,0.0284983
611.338,0.0452292,0.0334808
614.395,0.0264266,0.0264273
617.467,0,0
620.554,0,0
623.657,0,0
626.775,0.0705487,0.0432386
629.909,0.0589717,0.0392387
633.058,0.00189862,0.00701406
636.224,0.000583974,0.00403865
639.405,0.0531043,0.0381486
642.602,0.0288987,0.0283684
645.815,0.0243907,0.0249044
649.044,0.0498668,0.035962
652.289,0.00298798,0.00871172
655.551,0.00556187,0.0122496
658.828,0.0268016,0.0267433
662.122,0.0752703,0.0456123
665.433,0.029743,0.0288179
668.76,0.000808423,0.00468888
672.104,0.0976063,0.0521329
675.464,0.0135581,0.0200539
678.842,0,0
682.236,0,0
685.647,0.0139635,0.0200032
689.075,0.0146127,0.0204089
692.521,0.0334336,0.0309509
695.983,0.0243234,0.026657
699.463,0,0
702.961,0,0
706.475,0,0
710.008,0.0404093,0.0355522
713.558,0.0513409,0.0392991
717.126,0,0
720.711,0.0342293,0.0317097
724.315,0.0246286,0.0269587
727.936,0,0
731.576,0.0300542,0.030055
735.234,0.00340153,0.0103717
738.91,0.0286256,0.0303029
742.605,0,0
746.318,0,0
750.049,0,0
753.8,0.102878,0.0585266
757.569,0.0298528,0.0313418
761.356,0,0
765.163,0,0
768.989,0.000562021,0.00427133
772.834,0.0792583,0.0514874
776.698,0.0207245,0.0266514
780.582,0.0443073,0.0384391
784.485,0.0226652,0.0276711
788.407,0.0132704,0.0215793
792.349,0.0221368,0.0280752
796.311,0,0
800.292,0,0
804.294,0.0218004,0.0290053
808.315,0.0166924,0.0253087
812.357,0,0
816.419,0.052491,0.0440019
820.501,0.0220874,0.0291413
824.603,0,0
828.726,0,0
832.87,0.0252287,0.0307609
837.034,0.0122126,0.0213486
841.219,0.00474075,0.013839
845.425,0.0368615,0.0392388
849.653,0.0254525,0.0305087
853.901,0.0111615,0.0202469
858.17,0.0383457,0.0388373
862.461,0.0101364,0.0206255
866.773,0.0329333,0.0372097
871.107,0.00947875,0.0190694
875.463,0.0282901,0.0326044
879.84,0,0
884.239,0,0
888.661,0,0
893.104,0,0
897.569,0.00433776,0.0129706
902.057,0.0346965,0.0368184
906.568,0.00233058,0.0103022
911.1,0.0428588,0.044001
915.656,0.0634741,0.0527178
920.234,0.0241093,0.032597
924.835,0.000682629,0.0053001
929.46,0.0409458,0.0412919
934.107,0.0807001,0.058536
938.777,0.0457773,0.0437207
943.471,0.0412585,0.0415984
948.189,0.000668515,0.00525781
952.93,0,0
957.694,0,0
962.483,0.0136617,0.0261261
967.295,0.0359897,0.042225
972.132,0,0
976.992,0.00884246,0.0207324
981.877,0.0879789,0.0653807
986.787,0,0
991.72,0,0
996.679,0,0
1001.66,0,0
1006.67,0,0
1011.7,0,0
1016.76,0,0
1021.85,0,0
1026.96,0,0
1032.09,0,0
1037.25,0,0
1042.44,0,0
1047.65,0.00344707,0.0133749
1052.89,0.0477841,0.0494586
1058.15,0,0
1063.44,0.0567067,0.0567101
1068.76,0,0
1074.1,0.0114762,0.0242561
1079.47,0.0398649,0.0452534
1084.87,0.0456193,0.0487308
1090.3,0.0064173,0.0182568
1095.75,0.0460309,0.0493746
1101.23,0.00688476,0.0190382
1106.73,0.00372809,0.0147221
1112.27,0.0535393,0.0553464
1117.83,0,0
1123.42,0,0
1129.03,0,0
1134.68,0,0
1140.35,0,0
1146.05,0.00932064,0.0245723
1151.78,0.0594955,0.0620455
1157.54,0.062573,0.0646692
1163.33,0,0
1169.15,0.0246424,0.0409976
1174.99,0.0426813,0.0534137
1180.87,0,0
1186.77,0,0
1192.71,0,0
1198.67,0,0
1204.66,0,0
1210.69,0.0428235,0.0552262
1216.74,0.028358,0.0449138
1222.82,0,0
1228.94,0.0282831,0.042975
1235.08,0.0367258,0.0487827
1241.26,0.0103195,0.0270214
1247.46,0.199587,0.120862
1253.7,0.00911566,0.0259284
1259.97,0,0
1266.27,0,0
1272.6,0,0
1278.96,0,0
1285.36,0,0
1291.79,0.0376104,0.0547493
1298.24,0.12297,0.099494
1304.74,0.0121071,0.0305246
1311.26,0.0643198,0.0700704
1317.82,0,0
1324.41,0.0658011,0.0709583
1331.03,0.0108696,0.0290594
1337.68,0,0
1344.37,0,0
1351.09,0.0142242,0.0347207
1357.85,0.0696589,0.0763655
1364.64,0,0
1371.46,0,0
1378.32,0,0
1385.21,0,0
1392.14,0.0814375,0.0850575
1399.1,0.00868334,0.027642
1406.09,0.0798217,0.0816987
1413.12,0.00247519,0.0143481
1420.19,0,0
1427.29,0.039648,0.0581846
1434.43,0.112464,0.0976557
1441.6,0.0477243,0.0653992
1448.81,0.149333,0.11805
1456.05,0.0124233,0.0345202
1463.33,0.0904508,0.093311
1470.65,0,0
1478,0,0
1485.39,0,0
1492.82,0,0
1500.28,0,0
1507.78,0,0
1515.32,0,0
1522.9,0.000204089,0.00446701
1530.51,0.0634769,0.0786568
1538.16,0.0336084,0.0570963
1545.86,0,0
1553.58,0,0
1561.35,0,0
1569.16,0,0
1577,0,0
1584.89,0,0
1592.81,0,0
1600.78,0.0117757,0.035053
1608.78,0.126091,0.114217
1616.83,0.0660177,0.0808117
1624.91,0,0
1633.03,0,0
1641.2,0,0
1649.41,0,0
1657.65,0.0855846,0.0949287
1665.94,0.0947767,0.100709
1674.27,0.0326186,0.0594711
1682.64,0.107036,0.107236
1691.06,0.000379752,0.00640997
1699.51,0,0
1708.01,0,0
1716.55,0,0
1725.13,0,0
1733.76,0,0
1742.43,0,0
1751.14,0,0
1759.89,0,0
1768.69,0,0
1777.54,0,0
1786.42,0,0
1795.36,0,0
1804.33,0,0
1813.35,0,0
1822.42,0,0
1831.53,0,0
1840.69,0,0
1849.89,0,0
1859.14,0,0
1868.44,0,0
1877.78,0,0
1887.17,0,0
1896.61,0,0
1906.09,0,0
1915.62,0,0
1925.2,0,0
1934.82,0,0
1944.5,0,0
1954.22,0,0
1963.99,0,0
1973.81,0,0
1983.68,0.027176,0.0594951
1993.6,0.0912442,0.109377
2003.57,0.0126696,0.0410754
2013.59,0,0
2023.65,0,0
2033.77,0.038935,0.0775352
2043.94,0.128977,0.140398
2054.16,0.112985,0.125952
2064.43,0.0137245,0.0438112
2074.75,0,0
2085.13,0,0
2095.55,0,0
2106.03,0,0
2116.56,0,0
2127.14,0,0
2137.78,0,0
2148.47,0,0
2159.21,0,0
2170.01,0,0
2180.86,0,0
2191.76,0,0
2202.72,0,0
2213.73,0.124797,0.141207
2224.8,0.0353606,0.0756059
2235.93,0,0
2247.11,0.0244982,0.0641566
2258.34,0.146229,0.158237
2269.63,0,0
2280.98,0,0
2292.39,0,0
2303.85,0,0
2315.37,0,0
2326.94,0,0
2338.58,0.00261936,0.0217206
2350.27,0.109889,0.141224
2362.02,0.0686281,0.111368
2373.83,0.00703282,0.0341134
2385.7,0.150692,0.159513
2397.63,0.0108919,0.0427921
2409.62,0,0
2421.67,0,0
2433.77,0,0
2445.94,0.140403,0.161267
2458.17,0.0445005,0.0904954
2470.46,0,0
2482.82,0,0
2495.23,0,0
2507.71,0,0
2520.25,0.00301331,0.0236464
2532.85,0.178798,0.182154
2545.51,0.00369409,0.0261178
2558.24,0,0
2571.03,0,0
2583.88,0,0
2596.8,0,0
2609.79,0,0
2622.84,0,0
2635.95,0,0
2649.13,0,0
2662.38,0,0
2675.69,0,0
2689.07,0,0
2702.51,0,0
2716.02,0,0
2729.61,0,0
2743.25,0,0
2756.97,0,0
2770.75,0,0
2784.61,0,0
2798.53,0,0
2812.52,0,0
2826.59,0,0
2840.72,0,0
2854.92,0,0
2869.2,0,0
2883.54,0,0
2897.96,0,0
2912.45,0,0
2927.01,0,0
2941.65,0,0
2956.36,0,0
2971.14,0,0
2985.99,0,0
3000.92,0,0
3015.93,0,0
3031.01,0,0
3046.16,0,0
3061.39,0,0
3076.7,0,0
3092.08,0,0
3107.54,0,0
3123.08,0.0520567,0.108668
3138.7,0.161857,0.191455
3154.39,0.013259,0.0563352
3170.16,0,0
3186.01,0,0
3201.94,0,0
3217.95,0,0
3234.04,0,0
3250.21,0.0135469,0.0571671
3266.47,0.136212,0.181082
3282.8,0.0916418,0.149088
3299.21,0.263048,0.271012
3315.71,0.0159945,0.0666611
3332.29,0,0
3348.95,0,0
3365.69,0,0
3382.52,0,0
3399.43,0,0
3416.43,0,0
3433.51,0,0
3450.68,0,0
3467.93,0,0
3485.27,0,0
3502.7,0,0
3520.21,0,0
3537.81,0,0
3555.5,0,0
3573.28,0,0
3591.15,0,0
3609.1,0,0
3627.15,0,0
3645.28,0,0
3663.51,0,0
3681.83,0,0
3700.24,0,0
3718.74,0,0
3737.33,0,0
3756.02,0,0
3774.8,0,0
3793.67,0,0
3812.64,0,0
3831.7,0,0
3850.86,0,0
3870.12,0,0
3889.47,0,0
3908.92,0,0
3928.46,0,0
3948.1,0,0
3967.84,0,0
3987.68,0,0
4007.62,0,0
4027.66,0,0
4047.8,0,0
4068.04,0,0
4088.38,0,0
4108.82,0,0
4129.36,0,0
4150.01,0,0
4170.76,0,0
4191.61,0,0
4212.57,0,0
4233.63,0,0
4254.8,0,0
4276.08,0,0
4297.46,0,0
4318.94,0,0
4340.54,0,0
4362.24,0,0
4384.05,0,0
4405.97,0,0
4428,0,0
4450.14,0,0
4472.39,0,0
4494.75,0,0
4517.23,0,0
4539.81,0,0
4562.51,0,0
4585.33,0,0
4608.25,0,0
4631.29,0,0
4654.45,0,0
4677.72,0,0
4701.11,0,0
4724.62,0,0
4748.24,0,0
4771.98,0,0
4795.84,0,0
4819.82,0,0
4843.92,0,0
4868.14,0,0
4892.48,0,0
4916.94,0.0887649,0.186844
4941.53,0.228907,0.300023
4966.23,0.291022,0.337971
4991.07,0.173481,0.258598
5016.02,0,0
5041.1,0,0
5066.31,0,0
5091.64,0,0
5117.1,0,0
5142.68,0,0
5168.4,0,0
5194.24,0,0
5220.21,0,0
5246.31,0,0
5272.54,0,0
5298.9,0,0
5325.4,0.137844,0.239048
5352.03,0.183763,0.276588
5378.79,0.0939515,0.197704
5405.68,0,0
5432.71,0,0
5459.87,0,0
5487.17,0,0
5514.61,0,0
5542.18,0,0
5569.89,0,0
5597.74,0.034722,0.129732
5625.73,0.163967,0.281237
5653.86,0.248349,0.345633
5682.13,0.0344208,0.128354
5710.54,0,0
5739.09,0,0
5767.79,0,0
5796.62,0,0
5825.61,0,0
5854.74,0,0
5884.01,0,0
5913.43,0,0
5943,0,0
5972.71,0,0
6002.57,0,0
6032.59,0,0
6062.75,0,0
6093.06,0.0614535,0.181267
6123.53,0.174898,0.307269
6154.15,0.306802,0.409731
6184.92,0,0
6215.84,0,0
6246.92,0,0
6278.16,0,0
6309.55,0,0
6341.09,0,0
6372.8,0,0
6404.66,0,0
6436.69,0,0
6468.87,0,0
6501.22,0,0
6533.72,0,0
6566.39,0,0
6599.22,0,0
6632.22,0,0
6665.38,0,0
6698.71,0,0
6732.2,0,0
6765.86,0,0
6799.69,0,0
6833.69,0,0
6867.86,0,0
6902.2,0,0
6936.71,0,0
6971.39,0,0
7006.25,0,0
7041.28,0,0
7076.49,0,0
7111.87,0,0
7147.43,0,0
7183.16,0,0
7219.08,0,0
7255.18,0,0
7291.45,0,0
7327.91,0,0
7364.55,0,0
7401.37,0,0
7438.38,0,0
7475.57,0,0
7512.95,0,0
7550.51,0,0
7588.26,0,0
7626.21,0,0
7664.34,0,0
7702.66,0,0
7741.17,0,0
7779.88,0,0
7818.78,0,0
7857.87,0,0
7897.16,0,0
7936.65,0,0
7976.33,0.403142,0.502844
8016.21,0.203259,0.356816
8050.87,0.0247768,0.149061