# X , Y , E Distribution=true

-20.1034,0.00272958,0.000823251
-19.9824,0.00169666,0.000643589
-19.8614,0.00175127,0.000659925
-19.7404,0.00214212,0.000731121
-19.6194,0.00322574,0.000903374
-19.4985,0.00334146,0.000905115
-19.3775,0.00304163,0.000878218
-19.2565,0.00378271,0.000975618
-19.1355,0.00252468,0.000801065
-19.0145,0.00482682,0.00110813
-18.8935,0.00301529,0.000870771
-18.7726,0.0021005,0.000731034
-18.6516,0.00265235,0.000809869
-18.5306,0.00204029,0.000721618
-18.4096,0.00328499,0.000911821
-18.2886,0.00250712,0.000793417
-18.1676,0.00402287,0.00100635
-18.0467,0.00531056,0.0011596
-17.9257,0.00355732,0.000949475
-17.8047,0.00454731,0.00106851
-17.6837,0.00537724,0.00117591
-17.5627,0.00627612,0.00126007
-17.4417,0.00362091,0.00095941
-17.3208,0.00527963,0.00116032
-17.1998,0.00370133,0.000976576
-17.0788,0.00602529,0.00124114
-16.9578,0.00576931,0.00120896
-16.8368,0.00571306,0.00121416
-16.7158,0.00574924,0.00122659
-16.5949,0.00515001,0.00115483
-16.4739,0.00929887,0.00155021
-16.3529,0.00703034,0.00134994
-16.2319,0.0046375,0.0011038
-16.1109,0.00347246,0.000958742
-15.9899,0.00758865,0.00140423
-15.869,0.00543435,0.00119465
-15.748,0.0062848,0.00128333
-15.627,0.0066372,0.00132605
-15.506,0.00740599,0.00139308
-15.385,0.00598597,0.00125443
-15.264,0.00617366,0.00126893
-15.1431,0.00835877,0.00149174
-15.0221,0.0118465,0.00177936
-14.9011,0.00903037,0.00155289
-14.7801,0.0122124,0.00179907
-14.6591,0.00875969,0.00153235
-14.5381,0.0129775,0.00187257
-14.4172,0.0116924,0.00178591
-14.2962,0.0131865,0.00189683
-14.1752,0.0112464,0.00174711
-14.0542,0.0150641,0.00201671
-13.9332,0.0179462,0.0022064
-13.8122,0.0171324,0.00216565
-13.6913,0.0234169,0.00253333
-13.5703,0.020843,0.00239253
-13.4493,0.0186751,0.00228331
-13.3283,0.0219468,0.00246353
-13.2073,0.0174649,0.00219169
-13.0863,0.0186282,0.00225052
-12.9654,0.0197493,0.00233318
-12.8444,0.0249769,0.00262302
-12.7234,0.0215381,0.00243907
-12.6024,0.0197505,0.00233798
-12.4814,0.0211148,0.00241878
-12.3604,0.0172456,0.0021805
-12.2395,0.0207333,0.0023952
-12.1185,0.0238831,0.00256961
-11.9975,0.0264059,0.00269996
-11.8765,0.0217625,0.00244895
-11.7555,0.0204659,0.00238148
-11.6345,0.0236493,0.00255932
-11.5136,0.0272379,0.00274118
-11.3926,0.0304195,0.00289786
-11.2716,0.0322648,0.00298488
-11.1506,0.0259882,0.00267796
-11.0296,0.0293071,0.0028414
-10.9086,0.028252,0.00279249
-10.7877,0.0260798,0.00267637
-10.6667,0.0329143,0.00302069
-10.5457,0.0351685,0.00312364
-10.4247,0.032395,0.0029924
-10.3037,0.0295627,0.00285903
-10.1828,0.0343245,0.00308452
-10.0618,0.0364543,0.00317505
-9.94078,0.0374171,0.00321313
-9.8198,0.0344501,0.00309201
-9.69882,0.0357835,0.00314634
-9.57783,0.0423471,0.00342573
-9.45685,0.0387846,0.00328391
-9.33587,0.0371853,0.00321606
-9.21488,0.0348994,0.00310426
-9.0939,0.0418129,0.00340039
-8.97292,0.0386254,0.00326921
-8.85194,0.0448253,0.0035301
-8.73095,0.0426106,0.00343436
-8.60997,0.0384604,0.00327493
-8.48899,0.0401643,0.00333641
-8.368,0.0458543,0.00356697
-8.24702,0.051727,0.00379294
-8.12604,0.0499248,0.00371722
-8.00505,0.0484496,0.00367039
-7.88407,0.0495922,0.00372142
-7.76309,0.0535484,0.00386775
-7.6421,0.0421617,0.00342022
-7.52112,0.0540008,0.00387181
-7.40014,0.0557176,0.00394243
-7.27915,0.0515489,0.00378351
-7.15817,0.0651741,0.00425887
-7.03719,0.0589677,0.0040493
-6.9162,0.0680825,0.0043583
-6.79522,0.0552004,0.00391587
-6.67424,0.0692653,0.00440338
-6.55326,0.0624621,0.00416444
-6.43227,0.0705747,0.0044308
-6.31129,0.056234,0.00396077
-6.19031,0.0633611,0.00420418
-6.06932,0.0701548,0.00440963
-5.94834,0.080575,0.00473859
-5.82736,0.0822388,0.00478688
-5.70637,0.0749174,0.00455437
-5.58539,0.0874347,0.00493039
-5.46441,0.0943763,0.00513041
-5.34342,0.0987073,0.00523353
-5.22244,0.111555,0.0055643
-5.10146,0.117175,0.00568406
-4.98047,0.116662,0.00567971
-4.85949,0.135409,0.00611234
-4.73851,0.140841,0.00623802
-4.61752,0.170957,0.0068622
-4.49654,0.185272,0.00713769
-4.37556,0.207278,0.00754187
-4.25457,0.246083,0.00819912
-4.13359,0.279442,0.00875289
-4.01261,0.350336,0.00979449
-3.89163,0.447824,0.0110721
-3.77064,0.528511,0.0120356
-3.64966,0.704926,0.0139212
-3.52868,0.869491,0.0154788
-3.40769,1.10604,0.0174508
-3.28671,1.39018,0.0195872
-3.16573,1.72437,0.021829
-3.04474,2.13231,0.0243074
-2.92376,2.62599,0.026961
-2.80278,3.29171,0.0301842
-2.68179,3.70518,0.0320417
-2.56081,3.91633,0.0329924
-2.43983,4.03829,0.0335529
-2.31884,4.17142,0.034139
-2.19786,4.47413,0.0353894
-2.07688,4.80545,0.0367153
-1.95589,5.0874,0.0377979
-1.83491,5.37917,0.0388981
-1.71393,5.60751,0.0397573
-1.59295,5.8468,0.0406395
-1.47196,6.02099,0.0412825
-1.35098,6.18448,0.0418705
-1.23,6.24273,0.0421075
-1.10901,6.20175,0.0419975
-0.988029,6.20755,0.0420356
-0.867046,6.19319,0.0419945
-0.746063,6.11287,0.0417305
-0.62508,5.98472,0.0412891
-0.504097,5.73235,0.0403988
-0.383113,5.71093,0.0403364
-0.26213,5.60986,0.0399684
-0.141147,5.54471,0.0397416
-0.0201639,5.57323,0.0398482
0.100819,5.62403,0.0400486
0.221802,5.65695,0.0401679
0.342786,5.90684,0.0410747
0.463769,5.95978,0.0412901
0.584752,6.144,0.041952
0.705735,6.19288,0.0421388
0.826718,6.19933,0.0421966
0.947701,6.12641,0.0419683
1.06868,6.06238,0.0417676
1.18967,5.82377,0.0409605
1.31065,5.4875,0.0397599
1.43163,5.22734,0.0388159
1.55262,5.00322,0.0379912
1.6736,4.60493,0.0364488
1.79458,4.28596,0.0351721
1.91557,3.92564,0.0336745
2.03655,3.70118,0.032694
2.15753,3.59079,0.0322114
2.27852,3.46154,0.0316367
2.3995,3.46128,0.0316377
2.52048,3.33962,0.0310937
2.64147,3.37798,0.0312827
2.76245,3.37306,0.0312762
2.88343,3.3355,0.0311163
3.00442,3.27542,0.0308489
3.1254,3.28166,0.0308746
3.24638,3.25153,0.0307553
3.36736,3.13113,0.0301992
3.48835,3.10986,0.0301044
3.60933,3.02407,0.0297046
3.73031,2.87853,0.0289898
3.8513,2.77824,0.0284999
3.97228,2.65979,0.0279014
4.09326,2.40524,0.0265418
4.21425,2.30741,0.0260151
4.33523,2.1628,0.0251992
4.45621,2.00365,0.0242639
4.5772,1.80845,0.023066
4.69818,1.67727,0.0222161
4.81916,1.5783,0.0215542
4.94015,1.44661,0.020648
5.06113,1.3684,0.0200839
5.18211,1.26703,0.0193422
5.3031,1.12176,0.0182043
5.42408,1.01154,0.0172985
5.54506,0.938695,0.0166788
5.66605,0.856422,0.0159414
5.78703,0.794417,0.0153659
5.90801,0.711136,0.0145481
6.02899,0.663953,0.0140603
6.14998,0.61047,0.0134924
6.27096,0.592153,0.0132965
6.39194,0.569808,0.0130501
6.51293,0.529473,0.0125909
6.63391,0.52429,0.0125395
6.75489,0.511677,0.0123931
6.87588,0.528407,0.0125988
6.99686,0.547618,0.0128294
7.11784,0.526067,0.0125855
7.23883,0.53464,0.0126913
7.35981,0.514801,0.0124573
7.48079,0.472044,0.0119357
7.60178,0.457842,0.0117659
7.72276,0.421654,0.0112994
7.84374,0.417468,0.0112602
7.96473,0.395366,0.0109619
8.08571,0.404065,0.0110902
8.20669,0.391035,0.0109176
8.32767,0.388019,0.0108869
8.44866,0.37225,0.0106623
8.56964,0.370471,0.0106482
8.69062,0.380311,0.0107953
8.81161,0.361313,0.0105274
8.93259,0.370419,0.0106682
9.05357,0.351193,0.0103968
9.17456,0.344613,0.0103121
9.29554,0.330429,0.010109
9.41652,0.287635,0.0094387
9.53751,0.294948,0.00956414
9.65849,0.277715,0.00929074
9.77947,0.264084,0.00907367
9.90046,0.25732,0.00896332
10.0214,0.256,0.00895331
10.1424,0.240371,0.00867646
10.2634,0.233172,0.00855984
10.3844,0.228678,0.008484
10.5054,0.224222,0.00841086
10.6264,0.219979,0.00833779
10.7473,0.215874,0.00826876
10.8683,0.219249,0.00833727
10.9893,0.230332,0.00855967
11.1103,0.227605,0.00851397
11.2313,0.215326,0.00828683
11.3523,0.210692,0.00820905
11.4732,0.209846,0.00820167
11.5942,0.208423,0.00818348
11.7152,0.20161,0.00805357
11.8362,0.196204,0.0079537
11.9572,0.186878,0.00776513
12.0782,0.190964,0.00785605
12.1991,0.179359,0.00762352
12.3201,0.169996,0.00742616
12.4411,0.17281,0.00750433
12.5621,0.161097,0.00724937
12.6831,0.176414,0.00759802
12.8041,0.1524,0.00707174
12.925,0.167647,0.00742411
13.046,0.17302,0.00754363
13.167,0.169918,0.00748712
13.288,0.173714,0.00757006
13.409,0.158452,0.00724413
13.53,0.165106,0.0073938
13.6509,0.153593,0.00714098
13.7719,0.146974,0.00699051
13.8929,0.142142,0.00687857
14.0139,0.134904,0.00669826
14.1349,0.134936,0.00670575
14.2559,0.136678,0.00675545
14.3768,0.119628,0.00631929
14.4978,0.107232,0.00599183
14.6188,0.110213,0.00607583
14.7398,0.112123,0.00613714
14.8608,0.104028,0.00591007
14.9817,0.0991565,0.00576558
15.1027,0.101233,0.00583559
15.2237,0.0957974,0.0056748
15.3447,0.101025,0.00583568
15.4657,0.0909144,0.00553712
15.5867,0.0815129,0.00524782
15.7076,0.0816612,0.00525359
15.8286,0.0826552,0.00529206
15.9496,0.0827604,0.00529452
16.0706,0.075557,0.00506011
16.1916,0.0716402,0.00493606
16.3126,0.0749598,0.00505051
16.4335,0.0699405,0.00488784
16.5545,0.0693921,0.00486665
16.6755,0.0714535,0.00494494
16.7965,0.0722285,0.0049791
16.9175,0.0605557,0.00455903
17.0385,0.0682469,0.0048445
17.1594,0.0560896,0.00438412
17.2804,0.0693822,0.00488536
17.4014,0.0564521,0.00441599
17.5224,0.0546617,0.0043413
17.6434,0.0528365,0.00427499
17.7644,0.0538513,0.00431765
17.8853,0.0437801,0.00389941
18.0063,0.0539489,0.00433062
18.1273,0.0548524,0.00437599
18.2483,0.046134,0.00401251
18.3693,0.0480785,0.00409098
18.4903,0.0408634,0.00378112
18.6112,0.0479384,0.00410325
18.7322,0.0446137,0.00396802
18.8532,0.0423757,0.00385763
18.9742,0.0340699,0.00346218
19.0952,0.0400314,0.00375174
19.2162,0.0363168,0.00357743
19.3371,0.0445619,0.00396756
19.4581,0.0361995,0.00357785
19.5791,0.0346171,0.0034951
19.7001,0.0319312,0.00336287
19.8211,0.0314517,0.00333771
19.9421,0.0370941,0.00362961
20.063,0.0407659,0.00380124
20.184,0.037225,0.0036393
20.305,0.0346741,0.0035116
20.426,0.031017,0.00332784
20.547,0.0351034,0.00352619
20.668,0.0386628,0.00371524
20.7889,0.0345964,0.00351318
20.9099,0.029971,0.00326746
21.0309,0.0363379,0.00360816
21.1519,0.0436274,0.00395984
21.2729,0.0328996,0.00343434
21.3939,0.0345311,0.00352437
21.5148,0.0358619,0.00358923
21.6358,0.0353279,0.00357562
21.7568,0.0303219,0.0033063
21.8778,0.0361903,0.00361155
21.9988,0.0369666,0.00364884
22.1198,0.0384845,0.00372628
22.2407,0.0302662,0.00330926
22.3617,0.0390356,0.00375965
22.4827,0.0371971,0.00367855
22.6037,0.0334739,0.00348346
22.7247,0.0320827,0.00341826
22.8457,0.0287573,0.00323309
22.9666,0.024006,0.00296177
23.0876,0.0315164,0.00338484
23.2086,0.0299236,0.00330407
23.3296,0.0304821,0.00333923
23.4506,0.028012,0.00320566
23.5716,0.0332711,0.00349587
23.6925,0.0369478,0.00367673
23.8135,0.0395384,0.00380929
23.9345,0.0324141,0.00345382
24.0555,0.0360789,0.00364833
24.1563,0.0394644,0.00467785
24.2571,0.0289723,0.00169747
24.3784,0.0314344,0.00176521
24.5003,0.0325559,0.00179114
24.6228,0.0305021,0.00172627
24.7459,0.0331754,0.00180371
24.8696,0.0318561,0.0017519
24.994,0.0302425,0.00170998
25.119,0.0289017,0.0016579
25.2446,0.0272895,0.00160985
25.3708,0.0313374,0.00172498
25.4976,0.0307107,0.00170099
25.6251,0.0286298,0.00164005
25.7533,0.0319155,0.00172721
25.882,0.0301474,0.00166992
26.0114,0.031027,0.00168919
26.1415,0.0294883,0.00164469
26.2722,0.0303722,0.00167187
26.4036,0.0307604,0.00166819
26.5356,0.0328881,0.00172391
26.6682,0.0280308,0.00158378
26.8016,0.0290556,0.00161412
26.9356,0.0287045,0.00159202
27.0703,0.0278888,0.00156685
27.2056,0.0310915,0.00165299
27.3417,0.0317679,0.00166821
27.4784,0.0286515,0.00157986
27.6158,0.0304179,0.00162328
27.7538,0.0324261,0.0016729
27.8926,0.0277538,0.00154392
28.0321,0.0305396,0.00161358
28.1722,0.0276765,0.00153112
28.3131,0.0277333,0.00153391
28.4547,0.0278552,0.00152837
28.5969,0.0283451,0.00154388
28.7399,0.0279432,0.00152737
28.8836,0.0280508,0.00152665
29.028,0.0305117,0.00159007
29.1732,0.0250732,0.00143959
29.319,0.027543,0.00150588
29.4656,0.0290393,0.00154244
29.613,0.0307974,0.00158215
29.761,0.0281248,0.00150542
29.9098,0.0265376,0.00146198
30.0594,0.0279452,0.00149716
30.2097,0.0299087,0.00154872
30.3607,0.0309204,0.00156508
30.5125,0.0287562,0.00150739
30.6651,0.0287817,0.00150354
30.8184,0.0273201,0.00146384
30.9725,0.0270773,0.00145715
31.1274,0.0282751,0.00148437
31.283,0.028188,0.00147934
31.4394,0.0294532,0.00150718
31.5966,0.0300043,0.00151883
31.7546,0.028916,0.00148521
31.9134,0.0289564,0.00148543
32.0729,0.0267894,0.00142543
32.2333,0.0290689,0.00148186
32.3945,0.0275674,0.00143813
32.5564,0.0279831,0.00144389
32.7192,0.0271085,0.00141753
32.8828,0.0285816,0.00145852
33.0472,0.0274663,0.00142682
33.2125,0.029645,0.0014787
33.3785,0.0294561,0.0014683
33.5454,0.0301651,0.00148238
33.7132,0.0270295,0.00140119
33.8817,0.0288817,0.00144627
34.0511,0.030156,0.00147484
34.2214,0.0269249,0.00138749
34.3925,0.0284782,0.00142361
34.5645,0.0289841,0.00143824
34.7373,0.0284008,0.00141826
34.911,0.0261923,0.00135728
35.0855,0.0279244,0.001396
35.2609,0.0272928,0.00137822
35.4373,0.0281919,0.00139795
35.6144,0.0267327,0.00135775
35.7925,0.0264843,0.00135035
35.9715,0.0300683,0.00143402
36.1513,0.0285177,0.00139443
36.3321,0.0293554,0.00140969
36.5137,0.0288018,0.00139648
36.6963,0.028715,0.00139042
36.8798,0.0300817,0.00141887
37.0642,0.0305639,0.00142894
37.2495,0.0279041,0.00136083
37.4358,0.0288338,0.00138166
37.6229,0.0306014,0.00142277
37.8111,0.0293929,0.00139165
38.0001,0.0315957,0.00143857
38.1901,0.0306748,0.0014147
38.3811,0.0315513,0.0014315
38.573,0.0320543,0.00143949
38.7658,0.030795,0.00140611
38.9597,0.0312161,0.00141284
39.1545,0.0324193,0.00143633
39.3502,0.0307053,0.00139682
39.547,0.031063,0.00140242
39.7447,0.0302654,0.00138235
39.9434,0.0300088,0.00137303
40.1432,0.0330883,0.00143577
40.3439,0.0331562,0.00143641
40.5456,0.0299853,0.00136334
40.7483,0.0302116,0.00136467
40.9521,0.0286967,0.00132736
41.1568,0.0330427,0.00142218
41.3626,0.0303824,0.00135855
41.5694,0.0315509,0.00138093
41.7773,0.031832,0.00138534
41.9862,0.0330581,0.00140957
42.1961,0.0348125,0.00144475
42.4071,0.0349816,0.00144351
42.6191,0.0324037,0.00138833
42.8322,0.0321447,0.00137541
43.0464,0.034585,0.00142762
43.2616,0.0316231,0.00135971
43.4779,0.031784,0.00136182
43.6953,0.0311856,0.00134707
43.9138,0.0340606,0.00140346
44.1333,0.0346419,0.00141289
44.354,0.0327823,0.00136986
44.5758,0.0311762,0.00133443
44.7987,0.0317187,0.00134434
45.0226,0.0319303,0.00134477
45.2478,0.0336307,0.00137711
45.474,0.0313415,0.00132701
45.7014,0.0340748,0.00138203
45.9299,0.0307369,0.00130862
46.1595,0.0330118,0.0013536
46.3903,0.0316722,0.00132468
46.6223,0.0339898,0.00136672
46.8554,0.0317722,0.00132089
47.0897,0.0339046,0.00136178
47.3251,0.033494,0.00134947
47.5617,0.0342133,0.0013611
47.7995,0.0359319,0.00139266
48.0385,0.0348511,0.00136881
48.2787,0.0335468,0.00133928
48.5201,0.0359643,0.00138461
48.7627,0.0349387,0.00136409
49.0065,0.0320561,0.00130179
49.2516,0.0334499,0.00132645
49.4978,0.0351529,0.00136083
49.7453,0.0325956,0.00130722
49.994,0.0330336,0.00131108
50.244,0.0330147,0.00130838
50.4952,0.0333691,0.00131356
50.7477,0.0320029,0.00128529
51.0015,0.0329838,0.00130144
51.2565,0.0318426,0.00127473
51.5127,0.0324252,0.00128782
51.7703,0.0330385,0.00129377
52.0292,0.0334256,0.00130027
52.2893,0.036016,0.00134979
52.5507,0.0328311,0.00128418
52.8135,0.0323499,0.00127193
53.0776,0.0327152,0.00127793
53.343,0.0347538,0.00131561
53.6097,0.0370779,0.00135672
53.8777,0.0322109,0.00126128
54.1471,0.0327508,0.00126866
54.4178,0.0320327,0.0012542
54.6899,0.0312063,0.00123708
54.9634,0.0327461,0.00126448
55.2382,0.0342266,0.00129015
55.5144,0.0317588,0.00124068
55.792,0.0324982,0.00125314
56.0709,0.0306796,0.00121634
56.3513,0.0322042,0.0012444
56.633,0.0308127,0.00121343
56.9162,0.0302626,0.00120194
57.2008,0.0323484,0.0012401
57.4868,0.0335254,0.00126107
57.7742,0.0330791,0.00125044
58.0631,0.0300433,0.00118919
58.3534,0.0335932,0.00125662
58.6452,0.0317764,0.00121977
58.9384,0.0329092,0.00123937
59.2331,0.0334187,0.00124708
59.5293,0.0336903,0.00125012
59.8269,0.0344893,0.00126143
60.126,0.0334783,0.00123978
60.4267,0.0332358,0.00123447
60.7288,0.0354772,0.00127338
61.0324,0.0322036,0.00121171
61.3376,0.0334304,0.00123186
61.6443,0.0329867,0.00122176
61.9525,0.0340974,0.00123919
62.2623,0.0325709,0.00120868
62.5736,0.033164,0.00122009
62.8865,0.0326125,0.00120751
63.2009,0.0319955,0.00119261
63.5169,0.0322424,0.00119761
63.8345,0.0325353,0.00119959
64.1537,0.0312207,0.0011739
64.4744,0.0324317,0.00119537
64.7968,0.0335561,0.001212
65.1208,0.0332771,0.00120746
65.4464,0.0323516,0.00118858
65.7736,0.0328685,0.00119468
66.1025,0.0338681,0.00121251
66.433,0.0339128,0.00121112
66.7652,0.0349077,0.00122824
67.099,0.0361015,0.00124614
67.4345,0.0366071,0.00125407
67.7716,0.0371562,0.00126206
68.1105,0.0364043,0.00124861
68.4511,0.0363007,0.00124356
68.7933,0.0370339,0.00125441
69.1373,0.0372073,0.00125754
69.483,0.0359017,0.00123339
69.8304,0.037866,0.00126697
70.1795,0.0377015,0.0012621
70.5304,0.0380584,0.00126647
70.8831,0.0390924,0.00128452
71.2375,0.0402154,0.00130046
71.5937,0.0439511,0.00135975
71.9517,0.0437566,0.00135555
72.3114,0.0482573,0.00142318
72.673,0.0485657,0.00142913
73.0363,0.0524725,0.00148387
73.4015,0.0518147,0.00147398
73.7685,0.0489302,0.00143071
74.1374,0.0480065,0.00141381
74.5081,0.0437514,0.00134678
74.8806,0.0381598,0.0012545
75.255,0.0369423,0.001232
75.6313,0.0361299,0.00121699
76.0094,0.0336702,0.00117167
76.3895,0.0335515,0.00116735
76.7714,0.0335753,0.00116533
77.1553,0.0324479,0.00114457
77.5411,0.0290417,0.00108002
77.9288,0.0295568,0.00108815
78.3184,0.0311123,0.00111596
78.71,0.0288933,0.00107254
79.1035,0.0294324,0.00108151
79.4991,0.0292194,0.00107453
79.8966,0.0298282,0.00108456
80.296,0.0286907,0.00106032
80.6975,0.0287997,0.00106203
81.101,0.0292098,0.00106712
81.5065,0.0284524,0.00105205
81.9141,0.0277792,0.00103915
82.3236,0.0292043,0.00106419
82.7352,0.0286382,0.00105099
83.1489,0.027489,0.00102901
83.5647,0.0276405,0.00102945
83.9825,0.0279841,0.00103447
84.4024,0.0260997,0.00100027
84.8244,0.0269342,0.00101417
85.2485,0.0281885,0.00103492
85.6748,0.0285866,0.00104191
86.1031,0.026781,0.00100675
86.5337,0.028153,0.00103142
86.9663,0.0278999,0.00102531
87.4012,0.0275921,0.0010201
87.8382,0.0283476,0.00103027
88.2774,0.0270068,0.0010062
88.7187,0.0270901,0.00100558
89.1623,0.0268645,0.00100237
89.6082,0.0281199,0.00102157
90.0562,0.0293568,0.00104341
90.5065,0.029177,0.00103897
90.959,0.0294009,0.0010407
91.4138,0.0284248,0.00101906
91.8709,0.0289759,0.00102993
92.3302,0.0291299,0.00103034
92.7919,0.031328,0.00106874
93.2558,0.027909,0.00100442
93.7221,0.0288582,0.00101943
94.1907,0.0273974,0.000993278
94.6617,0.0296784,0.00103193
95.135,0.02858,0.00101119
95.6107,0.0309046,0.00104853
96.0887,0.0307629,0.00104555
96.5692,0.0319757,0.00106345
97.052,0.031089,0.00104685
97.5373,0.0320696,0.00106192
98.0249,0.0341194,0.00109468
98.5151,0.0339958,0.00109016
99.0076,0.0340072,0.00108796
99.5027,0.0354129,0.00110845
100,0.0359559,0.00111507
100.5,0.03797,0.00114485
101.003,0.0384862,0.00114922
101.508,0.038958,0.00115713
102.015,0.0397515,0.00116789
102.525,0.0405475,0.00117855
103.038,0.0397597,0.00116505
103.553,0.0413358,0.00118909
104.071,0.0420879,0.00119843
104.591,0.040673,0.00117594
105.114,0.0410268,0.00118101
105.64,0.0408065,0.00117616
106.168,0.0429039,0.00120445
106.699,0.0425899,0.00120061
107.232,0.0410143,0.00117683
107.768,0.0403113,0.00116404
108.307,0.041156,0.0011736
108.849,0.037945,0.00112457
109.393,0.0389608,0.00113796
109.94,0.0407586,0.00116351
110.49,0.0397928,0.00114656
111.042,0.0408374,0.00116068
111.597,0.039776,0.0011444
112.155,0.0406207,0.00115501
112.716,0.042104,0.00117515
113.28,0.0416352,0.00116731
113.846,0.0428045,0.0011818
114.415,0.0430194,0.00118406
114.987,0.0448129,0.00120605
115.562,0.0448153,0.00120716
116.14,0.0450924,0.00120899
116.721,0.0464058,0.00122429
117.305,0.0483746,0.00125081
117.891,0.0495893,0.00126422
118.481,0.0513166,0.0012859
119.073,0.04833,0.0012479
119.668,0.0484199,0.00124902
120.267,0.0514844,0.00128906
120.868,0.0476775,0.00123901
121.472,0.0485473,0.00125119
122.08,0.049691,0.00126424
122.69,0.0475362,0.00123442
123.304,0.0483895,0.00124545
123.92,0.04994,0.00126477
124.54,0.0480918,0.00123921
125.162,0.0493376,0.00125302
125.788,0.0492024,0.00125217
126.417,0.0490457,0.0012482
127.049,0.0495731,0.00125379
127.684,0.0501197,0.00126001
128.323,0.0525032,0.00128771
128.964,0.0529274,0.00129071
129.609,0.0529259,0.00129111
130.257,0.0557494,0.00132385
130.909,0.0560983,0.00132695
131.563,0.0580102,0.00134789
132.221,0.0583056,0.00135092
132.882,0.0615342,0.00138635
133.546,0.0608308,0.00137813
134.214,0.0624659,0.00139453
134.885,0.0667232,0.00144079
135.56,0.0683415,0.00145728
136.238,0.0674125,0.00144689
136.919,0.074977,0.00152487
137.603,0.0779536,0.00155333
138.291,0.082276,0.00159498
138.983,0.0821256,0.00159129
139.678,0.0872788,0.00164035
140.376,0.0893491,0.00165773
141.078,0.0923488,0.00168473
141.783,0.0969175,0.00172515
142.492,0.0961385,0.00171712
143.205,0.100311,0.00175436
143.921,0.100567,0.00175462
144.64,0.104599,0.00178824
145.364,0.10672,0.00180552
146.09,0.109478,0.00182782
146.821,0.111055,0.00184014
147.555,0.107784,0.00181164
148.293,0.112228,0.00184814
149.034,0.114342,0.00186526
149.779,0.11282,0.00185229
150.528,0.113379,0.00185716
151.281,0.110911,0.00183587
152.037,0.111192,0.0018372
152.797,0.110885,0.00183328
153.561,0.110133,0.00182545
154.329,0.109798,0.00182267
155.101,0.107522,0.00180518
155.876,0.108465,0.0018102
156.656,0.1065,0.00179185
157.439,0.106331,0.00179069
158.226,0.104552,0.00177464
159.017,0.103832,0.0017676
159.812,0.10194,0.00175155
160.612,0.104677,0.00177374
161.415,0.102067,0.0017524
162.222,0.10078,0.00174121
163.033,0.103606,0.00176542
163.848,0.0983827,0.00171952
164.667,0.103238,0.00176159
165.491,0.100495,0.0017379
166.318,0.0993205,0.00172831
167.15,0.097734,0.00171471
167.985,0.0959126,0.00169874
168.825,0.0955678,0.00169515
169.669,0.094009,0.00168243
170.518,0.0952975,0.00169347
171.37,0.0948924,0.0016901
172.227,0.0880023,0.00162684
173.088,0.0906731,0.00165125
173.954,0.0906924,0.00165183
174.823,0.0884437,0.00163078
175.698,0.0896461,0.00164143
176.576,0.0867922,0.00161655
177.459,0.0864337,0.00161275
178.346,0.0824441,0.00157364
179.238,0.0804405,0.00155474
180.134,0.0819381,0.00156818
181.035,0.0816167,0.00156552
181.94,0.0805059,0.00155567
182.85,0.0816984,0.00156552
183.764,0.0780737,0.00152965
184.683,0.0805733,0.00155437
185.606,0.0776287,0.00152514
186.534,0.0766818,0.00151488
187.467,0.0779443,0.00152776
188.404,0.0787941,0.00153623
189.346,0.0766096,0.00151425
190.293,0.0783943,0.0015327
191.244,0.0782648,0.00153046
192.201,0.0760066,0.00150703
193.162,0.0773568,0.00152066
194.128,0.0760766,0.00150866
195.098,0.0744301,0.00149182
196.074,0.0724394,0.00147107
197.054,0.0686258,0.00143203
198.039,0.0682132,0.00142814
199.029,0.0684836,0.00143018
200.025,0.0686088,0.00143135
201.025,0.0692611,0.00143805
202.03,0.0695371,0.00144005
203.04,0.0683286,0.00142747
204.055,0.0657502,0.00140023
205.075,0.0687502,0.0014328
206.101,0.0680251,0.00142414
207.131,0.0651877,0.00139466
208.167,0.0669604,0.00141286
209.208,0.0653854,0.00139793
210.254,0.0647889,0.00139004
211.305,0.0645936,0.00138964
212.362,0.0639083,0.00138188
213.424,0.0643211,0.00138739
214.491,0.0671011,0.00141832
215.563,0.0626418,0.00136949
216.641,0.0611071,0.00135359
217.724,0.0637295,0.00138249
218.813,0.0671802,0.00142215
219.907,0.0684506,0.0014356
221.006,0.0689435,0.00144114
222.111,0.0705025,0.00145819
223.222,0.0724155,0.00147934
224.338,0.0730632,0.00148687
225.46,0.0753488,0.0015104
226.587,0.0726206,0.0014826
227.72,0.0719129,0.00147307
228.859,0.0703351,0.00145582
230.003,0.0702229,0.00145461
231.153,0.0724198,0.00147553
232.309,0.0714446,0.00146565
233.47,0.0716355,0.00146722
234.638,0.0739301,0.00149048
235.811,0.0766976,0.00151718
236.99,0.0738678,0.0014902
238.175,0.0771418,0.00152312
239.366,0.0780109,0.00153235
240.562,0.0791081,0.00154385
241.765,0.0803121,0.00155653
242.974,0.0780391,0.00153454
244.189,0.0760342,0.0015135
245.41,0.0760625,0.00151428
246.637,0.0755452,0.00150923
247.87,0.0705759,0.00145826
249.109,0.0718166,0.00147199
250.355,0.0705328,0.00145944
251.607,0.066376,0.00141459
252.865,0.0642244,0.00139145
254.129,0.0633122,0.00138046
255.4,0.0648955,0.00139811
256.677,0.0626599,0.00137308
257.96,0.0605832,0.00135066
259.25,0.0611854,0.00135979
260.546,0.0576933,0.00131977
261.849,0.0596971,0.0013423
263.158,0.0608979,0.00135554
264.474,0.0568482,0.00131005
265.796,0.0610698,0.00135689
267.125,0.0609351,0.00135602
268.461,0.0603922,0.00135079
269.803,0.0649915,0.00140201
271.152,0.0670822,0.00142424
272.508,0.0693097,0.00144931
273.871,0.0733119,0.00149157
275.24,0.078415,0.00154331
276.616,0.0796346,0.001556
277.999,0.0799904,0.00155977
279.389,0.0829944,0.00159005
280.786,0.0874845,0.00163332
282.19,0.0888337,0.00164625
283.601,0.0901431,0.00165984
285.019,0.0942369,0.0016974
286.444,0.0937655,0.00169396
287.876,0.0944949,0.0017017
289.316,0.0950796,0.00170809
290.762,0.0939041,0.00169854
292.216,0.0939004,0.00170017
293.677,0.0897234,0.00166225
295.146,0.088639,0.00165366
296.621,0.0835357,0.00160786
298.104,0.0834751,0.00160788
299.595,0.0821556,0.00159611
301.093,0.0792664,0.00156972
302.598,0.0790516,0.00156963
304.111,0.0780523,0.00156078
305.632,0.0733421,0.00151435
307.16,0.0702291,0.00148409
308.696,0.0694373,0.00147638
310.239,0.0700732,0.00148441
311.791,0.0659711,0.00144373
313.35,0.0654877,0.00143922
314.916,0.0601179,0.00138036
316.491,0.0581246,0.00135854
318.073,0.0540273,0.00131431
319.664,0.0506204,0.00127376
321.262,0.0475848,0.00123558
322.868,0.0437989,0.00118536
324.483,0.041793,0.00116211
326.105,0.0412429,0.00115557
327.736,0.0382662,0.00111596
329.374,0.0383658,0.00111841
331.021,0.0355194,0.00107744
332.676,0.0344491,0.0010626
334.34,0.0330643,0.00104264
336.011,0.0310307,0.00101173
337.691,0.0333968,0.00105193
339.38,0.0306647,0.00100965
341.077,0.0289642,0.000981753
342.782,0.0290703,0.000985373
344.496,0.0281772,0.000970729
346.218,0.0280585,0.000969951
347.95,0.0265888,0.00094417
349.689,0.0254958,0.000927024
351.438,0.0272336,0.000960085
353.195,0.0265288,0.00094751
354.961,0.0260541,0.000942271
356.736,0.0275963,0.000969047
358.519,0.0266464,0.000954246
360.312,0.0258762,0.000940656
362.114,0.0255167,0.000935634
363.924,0.0257628,0.000941529
365.744,0.0237013,0.000905425
367.572,0.0261969,0.000952479
369.41,0.0252899,0.000938466
371.257,0.0245424,0.00092604
373.114,0.0253053,0.000941785
374.979,0.023876,0.000914556
376.854,0.0260535,0.00095798
378.738,0.0255927,0.000950482
380.632,0.0250484,0.000941676
382.535,0.0244927,0.000932606
384.448,0.0270561,0.000982185
386.37,0.0268892,0.000980735
388.302,0.0275534,0.000994558
390.244,0.0246199,0.000941154
392.195,0.0264943,0.000978852
394.156,0.0253338,0.000958402
396.127,0.0251861,0.000957982
398.107,0.0263004,0.000979357
400.098,0.0256626,0.0009709
402.098,0.0258992,0.000976432
404.109,0.0266539,0.000992378
406.129,0.0271311,0.00100329
408.16,0.0264201,0.000991501
410.201,0.027499,0.00101344
412.252,0.0266457,0.000999996
414.313,0.0274395,0.00101529
416.384,0.0263015,0.000995268
418.466,0.0280112,0.00103028
420.559,0.0279647,0.00103076
422.662,0.0282322,0.0010386
424.775,0.0286574,0.00104779
426.899,0.0283748,0.00104429
429.033,0.0282635,0.00104305
431.178,0.0278318,0.00103962
433.334,0.0291743,0.00106656
435.501,0.02996,0.00108204
437.678,0.0278641,0.00104631
439.867,0.02878,0.00106521
442.066,0.0288609,0.00106981
444.276,0.0312597,0.0011157
446.498,0.0301138,0.00109692
448.73,0.0303661,0.00110301
450.974,0.0299022,0.00109804
453.229,0.0302122,0.00110511
455.495,0.0330391,0.00115757
457.773,0.0310477,0.00112469
460.061,0.0329988,0.00116138
462.362,0.0314981,0.00113917
464.673,0.0325022,0.00115885
466.997,0.0337635,0.001184
469.332,0.0340644,0.00119029
471.679,0.0342503,0.00119694
474.037,0.0345094,0.00120625
476.407,0.0337245,0.00119378
478.789,0.0362302,0.00124145
481.183,0.0354642,0.00123061
483.589,0.0338249,0.00120454
486.007,0.0339474,0.00120983
488.437,0.0314374,0.00116735
490.879,0.0323836,0.00118809
493.334,0.0311714,0.00116788
495.8,0.0324855,0.00119448
498.279,0.0302969,0.00115602
500.771,0.0311667,0.00117473
503.274,0.0305051,0.001166
505.791,0.0295641,0.00114815
508.32,0.0276232,0.00111372
510.861,0.028975,0.00114372
513.416,0.0295245,0.00115593
515.983,0.0295017,0.00115909
518.563,0.0290869,0.00115366
521.155,0.0283577,0.00114241
523.761,0.0290859,0.00116215
526.38,0.0302003,0.00118378
529.012,0.0294907,0.00117509
531.657,0.0288674,0.00116579
534.315,0.0286765,0.00116412
536.987,0.0304333,0.00120371
539.672,0.0307126,0.00121156
542.37,0.030708,0.00121459
545.082,0.0320189,0.0012441
547.807,0.0320645,0.00124706
550.546,0.0290118,0.00118878
553.299,0.0325587,0.00126499
556.066,0.0311628,0.00124105
558.846,0.0317797,0.00125557
561.64,0.0318568,0.00125956
564.448,0.030826,0.00124466
567.271,0.0337799,0.0013041
570.107,0.0322477,0.00127597
572.958,0.0380718,0.00139323
575.822,0.037069,0.00137746
578.702,0.0351004,0.00134426
581.595,0.0367424,0.00137836
584.503,0.0346484,0.00134211
587.426,0.0337361,0.00132862
590.363,0.0346441,0.00135169
593.314,0.0353614,0.0013693
596.281,0.0361342,0.00138989
599.262,0.0345937,0.00136416
602.259,0.0340315,0.00135439
605.27,0.0335404,0.00134937
608.296,0.0356018,0.00139261
611.338,0.0346026,0.00137952
614.395,0.0364317,0.00141883
617.467,0.0330943,0.00135601
620.554,0.0328778,0.00135744
623.657,0.0354638,0.0014123
626.775,0.0326036,0.00135838
629.909,0.0340293,0.00139185
633.058,0.0329464,0.00137183
636.224,0.0333969,0.00139016
639.405,0.0324076,0.00137309
642.602,0.0335793,0.00140108
645.815,0.0328209,0.00138721
649.044,0.0340084,0.00141748
652.289,0.032181,0.00138482
655.551,0.0331269,0.00141051
658.828,0.0324434,0.00139951
662.122,0.0310155,0.00137145
665.433,0.0304838,0.00136447
668.76,0.0327963,0.00142028
672.104,0.0325562,0.00142014
675.464,0.0322625,0.00141548
678.842,0.0290375,0.00134593
682.236,0.031056,0.00140038
685.647,0.0329494,0.00144751
689.075,0.0309927,0.00140786
692.521,0.0321836,0.00143908
695.983,0.0312516,0.00142132
699.463,0.0291256,0.00137644
702.961,0.0312273,0.00143001
706.475,0.0299524,0.00140329
710.008,0.0294631,0.00139731
713.558,0.0320804,0.00146575
717.126,0.0295873,0.00141094
720.711,0.0347949,0.00153703
724.315,0.0303326,0.00143734
727.936,0.0310771,0.00145648
731.576,0.0323539,0.00149296
735.234,0.031863,0.00148903
738.91,0.0312411,0.00148029
742.605,0.0311069,0.00148319
746.318,0.0317306,0.00150098
750.049,0.0310834,0.00148655
753.8,0.0324866,0.00152823
757.569,0.0301125,0.00147356
761.356,0.0301823,0.0014827
765.163,0.0331005,0.00155806
768.989,0.0313552,0.00151815
772.834,0.0320759,0.00153883
776.698,0.0310081,0.00152203
780.582,0.0310387,0.00152808
784.485,0.0328835,0.00157655
788.407,0.0310468,0.00153858
792.349,0.0311869,0.00154877
796.311,0.0326377,0.00158918
800.292,0.0323974,0.00158702
804.294,0.0315944,0.00157074
808.315,0.0334483,0.0016248
812.357,0.0331177,0.00162145
816.419,0.0298345,0.00154354
820.501,0.0321564,0.00160858
824.603,0.0359376,0.00170756
828.726,0.036336,0.00172374
832.87,0.0321821,0.00162415
837.034,0.0318146,0.00162291
841.219,0.033329,0.00166638
845.425,0.0310844,0.00161635
849.653,0.033484,0.00167781
853.901,0.0326049,0.00166432
858.17,0.0329597,0.00168205
862.461,0.0330371,0.00169059
866.773,0.0331623,0.00169923
871.107,0.0333257,0.00170574
875.463,0.0328834,0.00170443
879.84,0.0332065,0.0017158
884.239,0.0323408,0.0016995
888.661,0.0307614,0.00166376
893.104,0.0321825,0.00170591
897.569,0.0290234,0.00162687
902.057,0.0309442,0.00168944
906.568,0.0293353,0.00164839
911.1,0.0340627,0.00177967
915.656,0.0328099,0.00175662
920.234,0.0326171,0.0017559
924.835,0.034708,0.00181637
929.46,0.0322447,0.00175939
934.107,0.0342645,0.00182092
938.777,0.0327737,0.00178449
943.471,0.033735,0.00181703
948.189,0.0317768,0.00177247
952.93,0.0300413,0.00173035
957.694,0.0329643,0.00181595
962.483,0.0321712,0.00179991
967.295,0.0323913,0.00181487
972.132,0.0331971,0.00184212
976.992,0.0325376,0.00183445
981.877,0.0315121,0.00180849
986.787,0.0324759,0.00184357
991.72,0.0352097,0.00192894
996.679,0.0312463,0.00182527
1001.66,0.0310468,0.00182617
1006.67,0.0335221,0.0019041
1011.7,0.0324558,0.0018774
1016.76,0.0319174,0.00186941
1021.85,0.0296398,0.00181233
1026.96,0.0354994,0.00198983
1032.09,0.0308693,0.00185808
1037.25,0.0319702,0.00190061
1042.44,0.0314792,0.00189528
1047.65,0.0318429,0.00191218
1052.89,0.031472,0.0019108
1058.15,0.031487,0.00192138
1063.44,0.030752,0.00190036
1068.76,0.0320505,0.00194958
1074.1,0.0308878,0.0019172
1079.47,0.0283386,0.00184119
1084.87,0.0326045,0.00198542
1090.3,0.0297066,0.00190536
1095.75,0.031336,0.0019636
1101.23,0.0317031,0.00198377
1106.73,0.0316929,0.00198481
1112.27,0.0309325,0.00196778
1117.83,0.0299982,0.00194826
1123.42,0.0329786,0.00205547
1129.03,0.029632,0.00195311
1134.68,0.0313815,0.00202421
1140.35,0.0298297,0.00198012
1146.05,0.034767,0.00214304
1151.78,0.0325033,0.00208167
1157.54,0.0349721,0.00216666
1163.33,0.0319219,0.0020755
1169.15,0.0322624,0.00209803
1174.99,0.0337821,0.00215552
1180.87,0.0339682,0.0021731
1186.77,0.032026,0.00211718
1192.71,0.034021,0.00218931
1198.67,0.0314184,0.00211195
1204.66,0.0324441,0.00215173
1210.69,0.0331173,0.0021862
1216.74,0.0319458,0.0021545
1222.82,0.0354116,0.00228037
1228.94,0.0380496,0.00237235
1235.08,0.0327935,0.00221063
1241.26,0.0333406,0.00223201
1247.46,0.0334017,0.00224351
1253.7,0.0347395,0.00229876
1259.97,0.0343658,0.00229869
1266.27,0.0326057,0.00224886
1272.6,0.0352215,0.00234271
1278.96,0.0349446,0.0023412
1285.36,0.0332,0.00229276
1291.79,0.0381668,0.00246344
1298.24,0.0351206,0.00237851
1304.74,0.0352722,0.00240016
1311.26,0.0373387,0.00247011
1317.82,0.0331152,0.00234097
1324.41,0.0361451,0.00245153
1331.03,0.0315311,0.00229824
1337.68,0.0352041,0.00244032
1344.37,0.0372568,0.00252089
1351.09,0.03664,0.00251173
1357.85,0.0402929,0.00264436
1364.64,0.0381414,0.00258252
1371.46,0.0430443,0.00275714
1378.32,0.0394587,0.00264681
1385.21,0.0393336,0.00265124
1392.14,0.038945,0.00264922
1399.1,0.0366728,0.00257777
1406.09,0.0346027,0.00251854
1413.12,0.0342915,0.00252428
1420.19,0.0369729,0.0026287
1427.29,0.0416907,0.00279507
1434.43,0.0423291,0.0028352
1441.6,0.0419178,0.00282736
1448.81,0.0408925,0.0028034
1456.05,0.0342445,0.00257223
1463.33,0.037378,0.00270192
1470.65,0.0357226,0.00265577
1478,0.0364829,0.00269548
1485.39,0.0381922,0.00276699
1492.82,0.0387516,0.00280095
1500.28,0.0380263,0.00279007
1507.78,0.0386428,0.00281166
1515.32,0.0381575,0.00280705
1522.9,0.0397998,0.00288065
1530.51,0.0351804,0.0027155
1538.16,0.0383073,0.00283774
1545.86,0.0394281,0.002896
1553.58,0.0412855,0.00297257
1561.35,0.0370506,0.00282742
1569.16,0.0367048,0.002827
1577,0.039806,0.00296605
1584.89,0.0371221,0.0028719
1592.81,0.0350288,0.00279458
1600.78,0.0375847,0.00290915
1608.78,0.0318071,0.00268843
1616.83,0.0322649,0.00271589
1624.91,0.0362112,0.00289338
1633.03,0.0368413,0.00293614
1641.2,0.0333915,0.0028009
1649.41,0.0388305,0.00302693
1657.65,0.0341188,0.00284322
1665.94,0.0361421,0.00293371
1674.27,0.0371682,0.00300691
1682.64,0.0353877,0.00292495
1691.06,0.036428,0.00298895
1699.51,0.0328636,0.00284762
1708.01,0.0369188,0.00302295
1716.55,0.034643,0.00295337
1725.13,0.0371487,0.00308134
1733.76,0.0325471,0.00287852
1742.43,0.0334534,0.00293408
1751.14,0.0316443,0.00285543
1759.89,0.0339152,0.00296642
1768.69,0.0340598,0.00297467
1777.54,0.0313972,0.00287338
1786.42,0.0282502,0.00273745
1795.36,0.0343529,0.00302799
1804.33,0.035815,0.00311028
1813.35,0.0354393,0.00310192
1822.42,0.038963,0.00326004
1831.53,0.0388998,0.0032588
1840.69,0.0371305,0.0032046
1849.89,0.032885,0.00302096
1859.14,0.0332063,0.00305346
1868.44,0.0387644,0.00330566
1877.78,0.0393117,0.00334691
1887.17,0.0325822,0.00305182
1896.61,0.0324023,0.00306603
1906.09,0.0324213,0.0030732
1915.62,0.0337903,0.00313085
1925.2,0.0348274,0.00319642
1934.82,0.0332239,0.00313906
1944.5,0.0354871,0.0032567
1954.22,0.0342409,0.00320278
1963.99,0.036755,0.00333621
1973.81,0.0324917,0.00314558
1983.68,0.0364691,0.00333074
1993.6,0.0354805,0.00329999
2003.57,0.0320447,0.00313637
2013.59,0.035744,0.0033281
2023.65,0.0330567,0.00322028
2033.77,0.0302657,0.00309926
2043.94,0.033586,0.00327605
2054.16,0.0373244,0.00345969
2064.43,0.0368765,0.00344519
2074.75,0.0334331,0.00328225
2085.13,0.0327959,0.00326006
2095.55,0.0305186,0.00316627
2106.03,0.0317118,0.003237
2116.56,0.0373164,0.00352939
2127.14,0.0375462,0.00354533
2137.78,0.0388762,0.00362129
2148.47,0.0342211,0.00340572
2159.21,0.0324049,0.00332493
2170.01,0.0334997,0.00339489
2180.86,0.0381229,0.00363855
2191.76,0.0365708,0.00356631
2202.72,0.0307767,0.00327378
2213.73,0.032169,0.00336145
2224.8,0.0348284,0.00351595
2235.93,0.0382839,0.00369957
2247.11,0.040601,0.00382406
2258.34,0.0404458,0.00383075
2269.63,0.03516,0.0035688
2280.98,0.0329334,0.00345441
2292.39,0.0367798,0.00368418
2303.85,0.043957,0.00403473
2315.37,0.0400024,0.00385771
2326.94,0.0397881,0.00385219
2338.58,0.0329361,0.00350902
2350.27,0.032278,0.0034933
2362.02,0.0333456,0.00356788
2373.83,0.0344062,0.00363925
2385.7,0.032525,0.00354995
2397.63,0.0331015,0.00358253
2409.62,0.0363367,0.00375024
2421.67,0.0331963,0.00359849
2433.77,0.0312661,0.00349964
2445.94,0.0354485,0.00375435
2458.17,0.0318383,0.00356764
2470.46,0.0266337,0.00327002
2482.82,0.0295351,0.00343877
2495.23,0.0367078,0.00386766
2507.71,0.0327436,0.00366005
2520.25,0.0345578,0.00376306
2532.85,0.0354746,0.00382105
2545.51,0.0329765,0.00369608
2558.24,0.0360192,0.00388275
2571.03,0.0345233,0.00382045
2583.88,0.0347049,0.00383338
2596.8,0.0319529,0.00369273
2609.79,0.0330433,0.00375699
2622.84,0.0384563,0.00408763
2635.95,0.0335207,0.00383265
2649.13,0.0369773,0.00401827
2662.38,0.0392607,0.00415914
2675.69,0.0329632,0.00381915
2689.07,0.0313242,0.00372399
2702.51,0.0326573,0.00381306
2716.02,0.0312382,0.00373152
2729.61,0.0307001,0.00371571
2743.25,0.0334542,0.00389194
2756.97,0.0324252,0.00383489
2770.75,0.0332737,0.00390296
2784.61,0.0293354,0.00365942
2798.53,0.0258267,0.003441
2812.52,0.0297775,0.00372054
2826.59,0.0299858,0.00375756
2840.72,0.0331284,0.00395312
2854.92,0.0324691,0.00392169
2869.2,0.0307727,0.00383729
2883.54,0.033057,0.00400168
2897.96,0.0301067,0.00381368
2912.45,0.0301422,0.00383671
2927.01,0.034043,0.00407725
2941.65,0.035381,0.004174
2956.36,0.0334079,0.00406424
2971.14,0.0396974,0.0044235
2985.99,0.0323567,0.00399448
3000.92,0.0372699,0.00431275
3015.93,0.0307212,0.00393857
3031.01,0.030293,0.00393178
3046.16,0.0321443,0.00405586
3061.39,0.0280841,0.00380127
3076.7,0.0282848,0.00380473
3092.08,0.0287406,0.00385532
3107.54,0.0399134,0.00455908
3123.08,0.0360484,0.00434492
3138.7,0.0343626,0.00423918
3154.39,0.0382934,0.00449213
3170.16,0.0355287,0.0043528
3186.01,0.0358147,0.00439162
3201.94,0.0385354,0.00455489
3217.95,0.0407275,0.00471914
3234.04,0.0369388,0.00450771
3250.21,0.0342279,0.00432985
3266.47,0.0377063,0.00454789
3282.8,0.0383447,0.00461617
3299.21,0.0327509,0.00428675
3315.71,0.0362047,0.00452415
3332.29,0.03704,0.0045905
3348.95,0.0335666,0.00436967
3365.69,0.0307606,0.00420654
3382.52,0.0346172,0.00447064
3399.43,0.03547,0.00453228
3416.43,0.0319855,0.00432092
3433.51,0.0337346,0.0044629
3450.68,0.0351109,0.00454733
3467.93,0.0299727,0.00421208
3485.27,0.0317024,0.00434638
3502.7,0.0329327,0.00444971
3520.21,0.0301305,0.0042635
3537.81,0.0362432,0.00469336
3555.5,0.0401102,0.00494019
3573.28,0.0351736,0.00465973
3591.15,0.0357939,0.00473202
3609.1,0.0318001,0.00447753
3627.15,0.0302447,0.00436133
3645.28,0.0351829,0.00471957
3663.51,0.0344489,0.00468478
3681.83,0.0366381,0.0048214
3700.24,0.0342918,0.00470928
3718.74,0.0356385,0.00481745
3737.33,0.0329449,0.00461969
3756.02,0.0296184,0.00442301
3774.8,0.0374595,0.00496962
3793.67,0.0317246,0.00457905
3812.64,0.033839,0.00473622
3831.7,0.0313093,0.00457364
3850.86,0.030494,0.00453897
3870.12,0.0316127,0.00465136
3889.47,0.0353051,0.00492364
3908.92,0.0386711,0.00515557
3928.46,0.0385987,0.00513673
3948.1,0.0392025,0.00522415
3967.84,0.0328266,0.0047896
3987.68,0.0308218,0.00462579
4007.62,0.0310479,0.00467334
4027.66,0.0308806,0.0046671
4047.8,0.03043,0.00466351
4068.04,0.0380582,0.00526046
4088.38,0.0378479,0.00524352
4108.82,0.0389569,0.00532175
4129.36,0.0334737,0.00495398
4150.01,0.0402124,0.00546075
4170.76,0.0419904,0.00556957
4191.61,0.0311555,0.00480618
4212.57,0.0276648,0.00454179
4233.63,0.036559,0.00522993
4254.8,0.0419968,0.0056466
4276.08,0.0329601,0.00500062
4297.46,0.0255819,0.0044268
4318.94,0.0294489,0.00476284
4340.54,0.0304747,0.00486873
4362.24,0.0320973,0.00502974
4384.05,0.0323087,0.00505079
4405.97,0.032262,0.00508103
4428,0.0420915,0.00579815
4450.14,0.0402778,0.00568443
4472.39,0.0350468,0.00532709
4494.75,0.0359159,0.00538214
4517.23,0.0328776,0.0051758
4539.81,0.0375932,0.0055657
4562.51,0.039035,0.00566744
4585.33,0.037448,0.00556186
4608.25,0.0425031,0.00595478
4631.29,0.0450066,0.0061046
4654.45,0.0365328,0.00551785
4677.72,0.0296283,0.00500237
4701.11,0.0312917,0.00516583
4724.62,0.0249471,0.00460928
4748.24,0.0328173,0.00532406
4771.98,0.0352122,0.00553638
4795.84,0.0361305,0.00561435
4819.82,0.0318622,0.00530248
4843.92,0.0341672,0.00550751
4868.14,0.0360872,0.00564152
4892.48,0.0349131,0.00555368
4916.94,0.036301,0.00568953
4941.53,0.0355729,0.00564582
4966.23,0.0363045,0.00569789
4991.07,0.0353736,0.00566467
5016.02,0.0335535,0.00553048
5041.1,0.0324946,0.00542449
5066.31,0.0321205,0.00543845
5091.64,0.0365169,0.00581024
5117.1,0.0371891,0.00587643
5142.68,0.0383235,0.00596862
5168.4,0.0393726,0.00607588
5194.24,0.032942,0.00557197
5220.21,0.0351102,0.00577293
5246.31,0.0393426,0.00613959
5272.54,0.0307722,0.0054402
5298.9,0.0342662,0.00576907
5325.4,0.0361899,0.00595893
5352.03,0.0343628,0.00578415
5378.79,0.0337623,0.00573056
5405.68,0.0370643,0.00601167
5432.71,0.0339048,0.00576257
5459.87,0.0379091,0.00612202
5487.17,0.0403767,0.00634096
5514.61,0.0352722,0.00597795
5542.18,0.0391769,0.00631359
5569.89,0.0433574,0.00662698
5597.74,0.0359454,0.00601337
5625.73,0.0382643,0.00621301
5653.86,0.0395301,0.00638583
5682.13,0.039376,0.00635106
5710.54,0.0328647,0.00582271
5739.09,0.0318084,0.00576591
5767.79,0.0358588,0.00615295
5796.62,0.0384289,0.00637119
5825.61,0.0469161,0.0070482
5854.74,0.0457709,0.00696187
5884.01,0.0425507,0.00673251
5913.43,0.0342341,0.00605888
5943,0.0267411,0.00532139
5972.71,0.0354501,0.00615284
6002.57,0.0394813,0.00651809
6032.59,0.0443976,0.00691158
6062.75,0.0433775,0.00685203
6093.06,0.0388026,0.00654443
6123.53,0.0392851,0.00664206
6154.15,0.0476752,0.00728037
6184.92,0.0479077,0.00732288
6215.84,0.0382889,0.00654172
6246.92,0.0346039,0.00622229
6278.16,0.0350719,0.00630625
6309.55,0.0378881,0.0065862
6341.09,0.0433863,0.00701964
6372.8,0.037874,0.00658435
6404.66,0.0378718,0.00661092
6436.69,0.0407689,0.00687547
6468.87,0.0414778,0.0069307
6501.22,0.0397564,0.0067817
6533.72,0.039118,0.00678322
6566.39,0.0412907,0.00696437
6599.22,0.0393384,0.00678457
6632.22,0.0525237,0.00789569
6665.38,0.0383652,0.00677839
6698.71,0.0392628,0.00686512
6732.2,0.0405959,0.00697915
6765.86,0.0362794,0.00658073
6799.69,0.0422869,0.00718174
6833.69,0.0425591,0.00724522
6867.86,0.041495,0.00716794
6902.2,0.0394775,0.00698169
6936.71,0.0416,0.00715646
6971.39,0.0392654,0.00699583
7006.25,0.0370463,0.00679794
7041.28,0.0335995,0.00646988
7076.49,0.0323399,0.00638255
7111.87,0.0383053,0.00695094
7147.43,0.0367237,0.00681538
7183.16,0.0349772,0.00664427
7219.08,0.0342863,0.00657804
7255.18,0.0349208,0.00662336
7291.45,0.0373808,0.00693707
7327.91,0.0425554,0.00744284
7364.55,0.0433035,0.00752286
7401.37,0.0369696,0.00694758
7438.38,0.0413273,0.00734029
7475.57,0.0434647,0.00756131
7512.95,0.0400876,0.00729259
7550.51,0.0402023,0.00733539
7588.26,0.0434444,0.00761847
7626.21,0.0467433,0.0078899
7664.34,0.0414607,0.0074105
7702.66,0.0442207,0.00769477
7741.17,0.0461626,0.00789083
7779.88,0.0478545,0.00804958
7818.78,0.0470086,0.00803673
7857.87,0.0435007,0.00774647
7897.16,0.0451123,0.00788198
7936.65,0.0551368,0.00870295
7976.33,0.0486419,0.00825784
8016.21,0.0502553,0.00840502
8050.87,0.0533372,0.0101246
