# X , Y , E Distribution=true

-20.1034,0.00555041,0.00128759
-19.9824,0.00246382,0.000862981
-19.8614,0.00420052,0.00110539
-19.7404,0.00312562,0.000966706
-19.6194,0.00471246,0.00118126
-19.4985,0.00472182,0.00118136
-19.3775,0.00474101,0.00118634
-19.2565,0.0052234,0.00125612
-19.1355,0.00316818,0.000967337
-19.0145,0.00472035,0.0011834
-18.8935,0.00480315,0.00119414
-18.7726,0.00678691,0.00142225
-18.6516,0.00357699,0.00103353
-18.5306,0.00701002,0.00144579
-18.4096,0.00493632,0.00121432
-18.2886,0.00781244,0.00152795
-18.1676,0.00658124,0.00141277
-18.0467,0.00516721,0.00125406
-17.9257,0.00569073,0.00130613
-17.8047,0.00690339,0.0014429
-17.6837,0.00514224,0.00124259
-17.5627,0.00595582,0.0013352
-17.4417,0.00654755,0.0014067
-17.3208,0.00823326,0.00158638
-17.1998,0.00681853,0.00144434
-17.0788,0.0054889,0.00130439
-16.9578,0.00671201,0.00142365
-16.8368,0.00673404,0.00143488
-16.7158,0.00804618,0.00158179
-16.5949,0.00732853,0.00149764
-16.4739,0.0142289,0.0021196
-16.3529,0.0145572,0.00214855
-16.2319,0.0180455,0.00239524
-16.1109,0.0100727,0.00176026
-15.9899,0.0129578,0.00202118
-15.869,0.0226151,0.00267996
-15.748,0.0434317,0.00377323
-15.627,0.0438323,0.00377691
-15.506,0.0372999,0.00348732
-15.385,0.0425939,0.00372482
-15.264,0.039786,0.00359888
-15.1431,0.0392881,0.00357172
-15.0221,0.043379,0.00375694
-14.9011,0.049384,0.00401754
-14.7801,0.0491668,0.00400504
-14.6591,0.0464585,0.00388176
-14.5381,0.0487756,0.00397717
-14.4172,0.0388164,0.00355594
-14.2962,0.0467276,0.00391158
-14.1752,0.0491169,0.00402023
-14.0542,0.0546153,0.00423291
-13.9332,0.0581348,0.00439034
-13.8122,0.0833236,0.0052771
-13.6913,0.0865923,0.00538792
-13.5703,0.079793,0.00516275
-13.4493,0.0927205,0.00556934
-13.3283,0.110294,0.00609262
-13.2073,0.100675,0.00581447
-13.0863,0.095188,0.005653
-12.9654,0.114005,0.00618817
-12.8444,0.126141,0.00648798
-12.7234,0.141616,0.00686905
-12.6024,0.112394,0.00613768
-12.4814,0.0966654,0.00568545
-12.3604,0.120884,0.00634108
-12.2395,0.1301,0.00658777
-12.1185,0.113584,0.0061632
-11.9975,0.0955696,0.00563425
-11.8765,0.117659,0.00626107
-11.7555,0.107825,0.00597793
-11.6345,0.109996,0.0060468
-11.5136,0.117915,0.00625668
-11.3926,0.125767,0.0064642
-11.2716,0.129919,0.00657438
-11.1506,0.134397,0.00668337
-11.0296,0.126281,0.0064743
-10.9086,0.143121,0.00690084
-10.7877,0.128401,0.00653411
-10.6667,0.149686,0.00704974
-10.5457,0.126833,0.00648239
-10.4247,0.121993,0.00636122
-10.3037,0.142115,0.00686463
-10.1828,0.116742,0.00622381
-10.0618,0.113415,0.00612943
-9.94078,0.121216,0.00634578
-9.8198,0.125044,0.00644024
-9.69882,0.119085,0.00628189
-9.57783,0.114215,0.00615243
-9.45685,0.11908,0.00627002
-9.33587,0.124385,0.00642892
-9.21488,0.148826,0.00703048
-9.0939,0.127665,0.00651534
-8.97292,0.129835,0.00655864
-8.85194,0.12056,0.0063255
-8.73095,0.129056,0.00654346
-8.60997,0.151931,0.00709696
-8.48899,0.150779,0.00707994
-8.368,0.140014,0.00681628
-8.24702,0.152875,0.00712488
-8.12604,0.134552,0.00668262
-8.00505,0.13859,0.00679243
-7.88407,0.145015,0.00695173
-7.76309,0.166184,0.00744017
-7.6421,0.153396,0.00714507
-7.52112,0.147488,0.00699967
-7.40014,0.160173,0.00731288
-7.27915,0.156117,0.00721692
-7.15817,0.154581,0.00717018
-7.03719,0.178657,0.00771552
-6.9162,0.168391,0.00749334
-6.79522,0.18116,0.00777381
-6.67424,0.176451,0.00767273
-6.55326,0.199127,0.00816292
-6.43227,0.185285,0.00786103
-6.31129,0.183728,0.0078175
-6.19031,0.197019,0.00810792
-6.06932,0.197813,0.00812094
-5.94834,0.193291,0.00801798
-5.82736,0.204249,0.0082392
-5.70637,0.224622,0.00863717
-5.58539,0.216421,0.00849115
-5.46441,0.205345,0.00824388
-5.34342,0.229607,0.00872746
-5.22244,0.247031,0.00905361
-5.10146,0.246307,0.0090155
-4.98047,0.265036,0.009362
-4.85949,0.286562,0.00973627
-4.73851,0.300676,0.00996272
-4.61752,0.313146,0.0101481
-4.49654,0.348757,0.0107152
-4.37556,0.393996,0.0113542
-4.25457,0.430506,0.0118798
-4.13359,0.525347,0.0131101
-4.01261,0.609999,0.0141153
-3.89163,0.732903,0.0154681
-3.77064,0.914855,0.0172869
-3.64966,1.14711,0.019349
-3.52868,1.40645,0.0214125
-3.40769,1.77,0.0240222
-3.28671,2.28637,0.0273215
-3.16573,2.74052,0.0299274
-3.04474,3.12493,0.0319705
-2.92376,3.76995,0.0351172
-2.80278,4.50527,0.0383777
-2.68179,5.18653,0.0411807
-2.56081,6.0447,0.0444823
-2.43983,6.91425,0.047567
-2.31884,7.72852,0.0502868
-2.19786,8.71785,0.053418
-2.07688,9.84941,0.0568224
-1.95589,11.0061,0.0601282
-1.83491,12.2288,0.0634348
-1.71393,13.5837,0.0669274
-1.59295,14.9844,0.0703813
-1.47196,16.3133,0.0735386
-1.35098,17.8811,0.077092
-1.23,19.3221,0.0802492
-1.10901,20.9202,0.0836713
-0.988029,22.5151,0.0869533
-0.867046,23.9283,0.0898254
-0.746063,25.0478,0.0920557
-0.62508,25.6687,0.0932738
-0.504097,25.7538,0.0935143
-0.383113,25.6853,0.0934583
-0.26213,25.1743,0.0925664
-0.141147,24.5233,0.091415
-0.0201639,23.6743,0.0898796
0.100819,23.0387,0.0886885
0.221802,22.1809,0.0870844
0.342786,20.95,0.0846896
0.463769,19.2908,0.0813001
0.584752,17.4613,0.0773831
0.705735,15.6347,0.0732156
0.826718,13.7428,0.0686498
0.947701,11.8836,0.0638553
1.06868,10.2158,0.0591977
1.18967,8.8069,0.0549547
1.31065,7.64502,0.0511992
1.43163,6.62117,0.0476412
1.55262,5.9311,0.0450963
1.6736,5.35737,0.0428729
1.79458,4.79326,0.0405527
1.91557,4.53316,0.0394442
2.03655,4.31083,0.0384724
2.15753,4.00354,0.0370833
2.27852,3.93771,0.0367847
2.3995,3.81057,0.036195
2.52048,3.74518,0.0358863
2.64147,3.65838,0.0355012
2.76245,3.62348,0.0353421
2.88343,3.62842,0.0353835
3.00442,3.5521,0.0350267
3.1254,3.60372,0.0352857
3.24638,3.51284,0.0348482
3.36736,3.47646,0.0346887
3.48835,3.50447,0.0348328
3.60933,3.40798,0.0343681
3.73031,3.32239,0.0339459
3.8513,3.23266,0.0335095
3.97228,3.17736,0.0332344
4.09326,3.01271,0.0323801
4.21425,2.88423,0.0316886
4.33523,2.77461,0.0311009
4.45621,2.60015,0.0301273
4.5772,2.51519,0.0296481
4.69818,2.31757,0.0284728
4.81916,2.20492,0.0277943
4.94015,2.08119,0.0270057
5.06113,1.91483,0.0259252
5.18211,1.8322,0.02538
5.3031,1.6466,0.0240795
5.42408,1.61042,0.0238284
5.54506,1.50781,0.0230704
5.66605,1.41944,0.022405
5.78703,1.32641,0.0216732
5.90801,1.3029,0.0214898
6.02899,1.28231,0.0213322
6.14998,1.22707,0.0208645
6.27096,1.23236,0.0209363
6.39194,1.17024,0.0204066
6.51293,1.17831,0.0204986
6.63391,1.09584,0.0197771
6.75489,1.09985,0.0198326
6.87588,1.0412,0.019301
6.99686,1.05485,0.0194464
7.11784,1.07581,0.0196424
7.23883,1.09912,0.0198675
7.35981,1.05434,0.0194662
7.48079,1.06114,0.0195293
7.60178,1.08394,0.0197495
7.72276,1.1144,0.020041
7.84374,1.05539,0.0195136
7.96473,1.07248,0.0196773
8.08571,1.08461,0.0198004
8.20669,1.00321,0.019067
8.32767,0.998373,0.0190387
8.44866,0.888768,0.0179819
8.56964,0.830328,0.0173931
8.69062,0.766039,0.0167298
8.81161,0.660182,0.015555
8.93259,0.630711,0.0152266
9.05357,0.59365,0.0147851
9.17456,0.560283,0.0143774
9.29554,0.546139,0.0142165
9.41652,0.492251,0.0134962
9.53751,0.438544,0.0127609
9.65849,0.455468,0.0130325
9.77947,0.407335,0.0123415
9.90046,0.382095,0.011966
10.0214,0.357868,0.0115855
10.1424,0.336948,0.0112448
10.2634,0.326526,0.0110842
10.3844,0.31185,0.0108308
10.5054,0.297837,0.0105997
10.6264,0.300076,0.0106601
10.7473,0.28165,0.0103219
10.8683,0.285193,0.0103926
10.9893,0.27882,0.0102937
11.1103,0.277894,0.0102733
11.2313,0.278941,0.0103071
11.3523,0.264863,0.010054
11.4732,0.270431,0.0101656
11.5942,0.270023,0.0101635
11.7152,0.249903,0.00978966
11.8362,0.224035,0.00927213
11.9572,0.231101,0.00943283
12.0782,0.225974,0.00934189
12.1991,0.229105,0.0094045
12.3201,0.208579,0.00898427
12.4411,0.211933,0.00906357
12.5621,0.211087,0.00905206
12.6831,0.206267,0.0089522
12.8041,0.207224,0.00899187
12.925,0.211183,0.00908608
13.046,0.210497,0.00908712
13.167,0.221497,0.00932271
13.288,0.203055,0.00892713
13.409,0.201031,0.00889988
13.53,0.201156,0.00890021
13.6509,0.195959,0.00879682
13.7719,0.183842,0.0085244
13.8929,0.170854,0.00822512
14.0139,0.169349,0.00818725
14.1349,0.171511,0.00825336
14.2559,0.173511,0.00830393
14.3768,0.160925,0.00801244
14.4978,0.154957,0.007868
14.6188,0.154672,0.00785582
14.7398,0.149898,0.0077308
14.8608,0.146507,0.00765434
14.9817,0.140011,0.00749094
15.1027,0.146434,0.00766287
15.2237,0.12743,0.00714049
15.3447,0.120859,0.00695987
15.4657,0.12005,0.00694353
15.5867,0.122814,0.00702867
15.7076,0.104201,0.00647847
15.8286,0.115709,0.00683271
15.9496,0.103574,0.00648081
16.0706,0.106954,0.0065838
16.1916,0.1158,0.00685455
16.3126,0.124331,0.00710656
16.4335,0.114796,0.00683985
16.5545,0.107455,0.00661392
16.6755,0.100711,0.00642078
16.7965,0.090928,0.00609595
16.9175,0.0860546,0.00592945
17.0385,0.087579,0.00598614
17.1594,0.0965605,0.00629185
17.2804,0.0962721,0.00628764
17.4014,0.0862465,0.00595744
17.5224,0.0913132,0.00612763
17.6434,0.0825989,0.00583474
17.7644,0.0844985,0.00590918
17.8853,0.0771794,0.00566076
18.0063,0.0726409,0.00549213
18.1273,0.0670519,0.0052769
18.2483,0.0751623,0.00560401
18.3693,0.0832348,0.00589361
18.4903,0.0717064,0.00547683
18.6112,0.0790495,0.00574931
18.7322,0.0831023,0.00591214
18.8532,0.0683599,0.00536533
18.9742,0.0650459,0.00523446
19.0952,0.0773248,0.00570949
19.2162,0.0670081,0.00530939
19.3371,0.072592,0.00553298
19.4581,0.0677123,0.00535896
19.5791,0.0691638,0.00540612
19.7001,0.0628488,0.00515603
19.8211,0.058263,0.00497103
19.9421,0.0645669,0.00521544
20.063,0.0562541,0.0048754
20.184,0.0680249,0.00538321
20.305,0.0587979,0.00501208
20.426,0.0576574,0.00496453
20.547,0.061603,0.00513056
20.668,0.0564002,0.0049109
20.7889,0.0637619,0.00521917
20.9099,0.0691683,0.00543611
21.0309,0.0710419,0.00551683
21.1519,0.0720404,0.00554754
21.2729,0.059397,0.00504092
21.3939,0.05985,0.00506864
21.5148,0.0573896,0.00497388
21.6358,0.0578928,0.00498366
21.7568,0.0632743,0.00521848
21.8778,0.0537581,0.00480066
21.9988,0.0524523,0.00476286
22.1198,0.0661702,0.00532916
22.2407,0.0629368,0.00521278
22.3617,0.0633516,0.0052479
22.4827,0.0559581,0.00493038
22.6037,0.0676871,0.00541916
22.7247,0.0612534,0.00517499
22.8457,0.0610124,0.00515657
22.9666,0.0613741,0.00518826
23.0876,0.0672933,0.00542353
23.2086,0.0616753,0.00519265
23.3296,0.0555024,0.0049314
23.4506,0.0652914,0.00534315
23.5716,0.057107,0.00501501
23.6925,0.0512297,0.00474573
23.8135,0.0620749,0.00522179
23.9345,0.052104,0.00479713
24.0555,0.0574077,0.00503596
24.1563,0.0585354,0.00622278
24.2571,0.0631428,0.00276926
24.3784,0.0672094,0.00285182
24.5003,0.0616232,0.00272483
24.6228,0.0554227,0.00256224
24.7459,0.0567785,0.00258953
24.8696,0.0640523,0.00273718
24.994,0.0660178,0.00277084
25.119,0.0566643,0.00255586
25.2446,0.0587244,0.00258371
25.3708,0.0644406,0.00271975
25.4976,0.0607827,0.00263434
25.6251,0.0590848,0.00258837
25.7533,0.0622265,0.00264465
25.882,0.0628543,0.00265132
26.0114,0.0608942,0.00260298
26.1415,0.0622545,0.00262548
26.2722,0.0590104,0.00254731
26.4036,0.0633214,0.00262918
26.5356,0.06231,0.00259687
26.6682,0.0594377,0.0025297
26.8016,0.0590284,0.00251616
26.9356,0.0629136,0.00259579
27.0703,0.0620737,0.00257504
27.2056,0.0560175,0.00243417
27.3417,0.058907,0.00249248
27.4784,0.053662,0.00237073
27.6158,0.0517615,0.00231548
27.7538,0.0592653,0.00246756
27.8926,0.0603902,0.00249336
28.0321,0.0546708,0.00236721
28.1722,0.0596222,0.00246635
28.3131,0.0575721,0.00241637
28.4547,0.059558,0.00245328
28.5969,0.0570688,0.00239358
28.7399,0.0619185,0.00249156
28.8836,0.057413,0.00239563
29.028,0.0575682,0.00239083
29.1732,0.0557664,0.00234323
29.319,0.0586352,0.00240125
29.4656,0.05788,0.00238023
29.613,0.0616275,0.00245113
29.761,0.0575262,0.00236297
29.9098,0.0583432,0.00237458
30.0594,0.056719,0.00233589
30.2097,0.058374,0.00236364
30.3607,0.0573914,0.00233207
30.5125,0.0572107,0.00232838
30.6651,0.0555564,0.00229259
30.8184,0.0555529,0.00228154
30.9725,0.059018,0.00234799
31.1274,0.0592052,0.00234986
31.283,0.0569471,0.00229967
31.4394,0.0601233,0.0023619
31.5966,0.0587362,0.00232641
31.7546,0.0577525,0.00229966
31.9134,0.0588404,0.00231658
32.0729,0.060052,0.00233689
32.2333,0.0566546,0.00226753
32.3945,0.0580746,0.00228844
32.5564,0.0596974,0.00231597
32.7192,0.0586146,0.00229002
32.8828,0.0585076,0.00228214
33.0472,0.0580265,0.00226819
33.2125,0.0547548,0.00219781
33.3785,0.054219,0.0021854
33.5454,0.0557086,0.00220649
33.7132,0.0560614,0.00221017
33.8817,0.0638223,0.00235433
34.0511,0.0551409,0.0021824
34.2214,0.0620536,0.00231069
34.3925,0.0592971,0.00225302
34.5645,0.0589134,0.00223661
34.7373,0.0563239,0.00218008
34.911,0.0569406,0.00219399
35.0855,0.0569992,0.00218997
35.2609,0.0576696,0.00219838
35.4373,0.0606369,0.00225036
35.6144,0.0591067,0.0022142
35.7925,0.0596018,0.00221926
35.9715,0.0611629,0.002242
36.1513,0.0601701,0.0022211
36.3321,0.0570563,0.00215826
36.5137,0.0608705,0.00222401
36.6963,0.0589007,0.00218552
36.8798,0.059923,0.00220118
37.0642,0.063228,0.00225045
37.2495,0.0603871,0.0021974
37.4358,0.0612357,0.00220439
37.6229,0.0648759,0.00226749
37.8111,0.058701,0.00215091
38.0001,0.060086,0.00217564
38.1901,0.0609584,0.00218394
38.3811,0.0596495,0.0021565
38.573,0.0569065,0.00209939
38.7658,0.063286,0.00221085
38.9597,0.0584242,0.00211836
39.1545,0.0608671,0.0021567
39.3502,0.0624576,0.0021815
39.547,0.0650704,0.00222143
39.7447,0.0644644,0.00220955
39.9434,0.061418,0.00214624
40.1432,0.0608373,0.00213733
40.3439,0.0614771,0.00214196
40.5456,0.0594908,0.00210335
40.7483,0.0611581,0.00212994
40.9521,0.0618347,0.00213544
41.1568,0.059776,0.00209277
41.3626,0.0620124,0.00212957
41.5694,0.0627527,0.00214093
41.7773,0.0631623,0.00213747
41.9862,0.0596316,0.00207314
42.1961,0.0647935,0.00215623
42.4071,0.0598373,0.00206688
42.6191,0.0627325,0.00211024
42.8322,0.0596924,0.00205458
43.0464,0.0637122,0.00212157
43.2616,0.0676423,0.00218147
43.4779,0.0632327,0.00210335
43.6953,0.0623862,0.00208279
43.9138,0.0624972,0.00208186
44.1333,0.0625477,0.0020822
44.354,0.0636962,0.002091
44.5758,0.0635914,0.00208691
44.7987,0.0609056,0.00203743
45.0226,0.0592261,0.00200566
45.2478,0.0634809,0.00206921
45.474,0.0604419,0.00202153
45.7014,0.0632503,0.00205974
45.9299,0.0621443,0.00203825
46.1595,0.0638129,0.00206266
46.3903,0.0614588,0.00201925
46.6223,0.0592632,0.00197609
46.8554,0.0617376,0.00201557
47.0897,0.0623214,0.00202171
47.3251,0.0634963,0.00203316
47.5617,0.0615047,0.00199715
47.7995,0.0603522,0.00197131
48.0385,0.0643185,0.0020342
48.2787,0.0616905,0.00199074
48.5201,0.0608692,0.0019705
48.7627,0.0630651,0.00200412
49.0065,0.0638001,0.00201279
49.2516,0.0616637,0.00197347
49.4978,0.058917,0.00192807
49.7453,0.0604066,0.00194739
49.994,0.0624293,0.00197477
50.244,0.0613287,0.00195275
50.4952,0.0614428,0.00195334
50.7477,0.0645098,0.00199679
51.0015,0.0595142,0.00191516
51.2565,0.0630379,0.00196619
51.5127,0.0609096,0.00192823
51.7703,0.0607959,0.00192389
52.0292,0.0599592,0.00190922
52.2893,0.0650623,0.00198086
52.5507,0.0587754,0.00188066
52.8135,0.0647354,0.0019722
53.0776,0.0612187,0.00191313
53.343,0.0611026,0.0019074
53.6097,0.0599177,0.00188443
53.8777,0.0605759,0.00189432
54.1471,0.0617514,0.00190844
54.4178,0.0628947,0.00191991
54.6899,0.0583303,0.00184676
54.9634,0.0595222,0.00186223
55.2382,0.0629791,0.00191256
55.5144,0.0585739,0.00184241
55.792,0.0596714,0.00185696
56.0709,0.0594825,0.0018513
56.3513,0.0612024,0.00187487
56.633,0.058961,0.00183723
56.9162,0.0611945,0.00187004
57.2008,0.0607586,0.00185958
57.4868,0.0591623,0.00183143
57.7742,0.0617916,0.00187142
58.0631,0.0624755,0.00187825
58.3534,0.06298,0.0018811
58.6452,0.0632415,0.00188432
58.9384,0.0606111,0.00183892
59.2331,0.0626119,0.00186695
59.5293,0.0601714,0.00182718
59.8269,0.0592051,0.00180778
60.126,0.064111,0.00188068
60.4267,0.0609365,0.0018291
60.7288,0.0606658,0.001821
61.0324,0.0616552,0.00183292
61.3376,0.0603206,0.00181115
61.6443,0.0609358,0.0018164
61.9525,0.0620689,0.00183162
62.2623,0.0613547,0.00181882
62.5736,0.0600175,0.00179403
62.8865,0.0594227,0.00178297
63.2009,0.0631347,0.00183642
63.5169,0.0616333,0.00181068
63.8345,0.0641783,0.00184501
64.1537,0.0629163,0.00182475
64.4744,0.0637271,0.00183011
64.7968,0.0647588,0.00184382
65.1208,0.0620988,0.00180237
65.4464,0.0678504,0.00188303
65.7736,0.0653326,0.00184444
66.1025,0.0663629,0.00185632
66.433,0.0696964,0.00189986
66.7652,0.0689018,0.00188682
67.099,0.0692532,0.00189088
67.4345,0.0687525,0.00188055
67.7716,0.0710654,0.00191045
68.1105,0.0707102,0.00190438
68.4511,0.0730377,0.00193174
68.7933,0.0759646,0.00196786
69.1373,0.0768675,0.0019775
69.483,0.0786102,0.00199758
69.8304,0.0748882,0.00195033
70.1795,0.0764105,0.00196637
70.5304,0.0823233,0.00203975
70.8831,0.0800742,0.00201024
71.2375,0.0822997,0.00203679
71.5937,0.0901454,0.0021317
71.9517,0.0919429,0.0021501
72.3114,0.0998464,0.00224153
72.673,0.110222,0.00235483
73.0363,0.116195,0.00241779
73.4015,0.12042,0.00246156
73.7685,0.117443,0.00242653
74.1374,0.107136,0.00231153
74.5081,0.0974233,0.00219787
74.8806,0.0862129,0.00206316
75.255,0.081218,0.00199859
75.6313,0.0807244,0.00198834
76.0094,0.0785023,0.00195807
76.3895,0.07121,0.00186224
76.7714,0.0752982,0.00191189
77.1553,0.0709692,0.00185014
77.5411,0.0712375,0.00185284
77.9288,0.069451,0.00182637
78.3184,0.0716573,0.00185163
78.71,0.0696588,0.00182284
79.1035,0.0678095,0.00179462
79.4991,0.0712413,0.00183883
79.8966,0.0677066,0.00178857
80.296,0.0692502,0.00180621
80.6975,0.0677035,0.00178292
81.101,0.0697111,0.00180689
81.5065,0.0660841,0.00175796
81.9141,0.0650324,0.00174101
82.3236,0.0637301,0.00171954
82.7352,0.0700043,0.00180012
83.1489,0.0633674,0.00171004
83.5647,0.0645262,0.00172555
83.9825,0.0663757,0.00174656
84.4024,0.0667846,0.00174863
84.8244,0.0679385,0.00176257
85.2485,0.0694618,0.00177946
85.6748,0.0658302,0.00172883
86.1031,0.0621947,0.00167904
86.5337,0.0660864,0.00172815
86.9663,0.063164,0.00168818
87.4012,0.0646757,0.00170785
87.8382,0.0684798,0.00175542
88.2774,0.0659345,0.00172082
88.7187,0.0684497,0.00174815
89.1623,0.0672483,0.00173219
89.6082,0.0696813,0.00175915
90.0562,0.0705241,0.00176683
90.5065,0.0682387,0.00173633
90.959,0.0687977,0.00174317
91.4138,0.0684372,0.00173306
91.8709,0.0684662,0.00173114
92.3302,0.0668754,0.00170862
92.7919,0.0665101,0.00170205
93.2558,0.0667784,0.00170222
93.7221,0.067257,0.00170602
94.1907,0.067466,0.0017057
94.6617,0.0678744,0.00170841
95.135,0.0692639,0.00172247
95.6107,0.0662614,0.00168094
96.0887,0.0686276,0.00170952
96.5692,0.0682665,0.00170192
97.052,0.0690704,0.00170833
97.5373,0.0706776,0.00172674
98.0249,0.0708541,0.00172558
98.5151,0.0754703,0.00177811
99.0076,0.0739463,0.00175683
99.5027,0.0770473,0.00178903
100,0.0776722,0.00179525
100.5,0.0784496,0.00180022
101.003,0.0797824,0.00181385
101.508,0.0775258,0.00178668
102.015,0.0790414,0.00180193
102.525,0.0797843,0.00180951
103.038,0.0795624,0.00180643
103.553,0.0776372,0.00178172
104.071,0.0819049,0.00182868
104.591,0.0820427,0.00182832
105.114,0.0827285,0.00183402
105.64,0.0832018,0.00183721
106.168,0.0829306,0.00183259
106.699,0.0816628,0.0018173
107.232,0.0818663,0.00181626
107.768,0.0820491,0.00181549
108.307,0.0795265,0.00178416
108.849,0.0781747,0.00176735
109.393,0.0789089,0.00177248
109.94,0.0816446,0.00180246
110.49,0.0807576,0.00178805
111.042,0.0801163,0.0017777
111.597,0.0801109,0.00177745
112.155,0.0788642,0.00176237
112.716,0.0810879,0.00178504
113.28,0.0790616,0.00176266
113.846,0.0799252,0.00176892
114.415,0.0794877,0.00176342
114.987,0.0806724,0.00177575
115.562,0.0819348,0.00178722
116.14,0.0846823,0.00181535
116.721,0.0846491,0.00181364
117.305,0.0886777,0.00185442
117.891,0.0885587,0.00185339
118.481,0.0847373,0.00181236
119.073,0.089161,0.00185832
119.668,0.0883986,0.00184986
120.267,0.0897493,0.00186203
120.868,0.0894523,0.00185833
121.472,0.0889737,0.00185322
122.08,0.0854677,0.00181539
122.69,0.0893512,0.00185334
123.304,0.0876306,0.00183526
123.92,0.085362,0.00180893
124.54,0.0875451,0.00182943
125.162,0.0906201,0.00186183
125.788,0.0858054,0.00180921
126.417,0.0866451,0.00181744
127.049,0.0903393,0.0018527
127.684,0.0888432,0.0018373
128.323,0.0953543,0.00190253
128.964,0.0920276,0.0018657
129.609,0.0948811,0.00189523
130.257,0.0962469,0.00190717
130.909,0.0963392,0.00190593
131.563,0.096747,0.0019097
132.221,0.0996977,0.0019375
132.882,0.097724,0.00191661
133.546,0.102859,0.00196569
134.214,0.101868,0.00195222
134.885,0.107873,0.00201074
135.56,0.108313,0.00201083
136.238,0.114346,0.00206422
136.919,0.11593,0.00207925
137.603,0.118148,0.00209737
138.291,0.121192,0.00212036
138.983,0.125945,0.00215959
139.678,0.127756,0.00217304
140.376,0.132569,0.0022139
141.078,0.138658,0.00226314
141.783,0.138718,0.00226143
142.492,0.141677,0.00228572
143.205,0.139036,0.0022619
143.921,0.143855,0.00230119
144.64,0.141785,0.0022835
145.364,0.148342,0.00233316
146.09,0.148717,0.00233466
146.821,0.14604,0.00231194
147.555,0.148879,0.00233433
148.293,0.149164,0.00233618
149.034,0.151551,0.00235376
149.779,0.151307,0.00235139
150.528,0.152562,0.00235879
151.281,0.154443,0.00237332
152.037,0.15441,0.00237268
152.797,0.156326,0.00238591
153.561,0.15892,0.0024047
154.329,0.156354,0.00238276
155.101,0.156394,0.00238202
155.876,0.153033,0.00235592
156.656,0.150729,0.00233627
157.439,0.152617,0.00235104
158.226,0.148406,0.00231707
159.017,0.155221,0.00237006
159.812,0.147673,0.00230998
160.612,0.145071,0.0022894
161.415,0.140528,0.00225296
162.222,0.142572,0.00226851
163.033,0.138897,0.00223798
163.848,0.139511,0.00224353
164.667,0.136477,0.00221915
165.491,0.137424,0.00222792
166.318,0.136166,0.00221726
167.15,0.132479,0.00218767
167.985,0.131306,0.00217866
168.825,0.128367,0.00215277
169.669,0.130172,0.00216844
170.518,0.124965,0.00212559
171.37,0.124148,0.00211836
172.227,0.118743,0.00207062
173.088,0.119182,0.00207548
173.954,0.117925,0.00206416
174.823,0.115759,0.00204431
175.698,0.112682,0.00201747
176.576,0.113998,0.00202785
177.459,0.114143,0.00202982
178.346,0.11249,0.00201562
179.238,0.111965,0.00201197
180.134,0.114053,0.00202948
181.035,0.113282,0.00202138
181.94,0.117024,0.00205425
182.85,0.119781,0.00207785
183.764,0.123978,0.00211441
184.683,0.124714,0.00211859
185.606,0.124665,0.00211894
186.534,0.126358,0.00213304
187.467,0.128385,0.00214799
188.404,0.127531,0.00214186
189.346,0.131592,0.00217601
190.293,0.135384,0.0022059
191.244,0.133422,0.00219052
192.201,0.13515,0.00220507
193.162,0.136415,0.00221623
194.128,0.135754,0.00221189
195.098,0.124694,0.00211941
196.074,0.121369,0.00208875
197.054,0.114294,0.00202793
198.039,0.108461,0.00197515
199.029,0.10533,0.00194516
200.025,0.106178,0.00195166
201.025,0.105994,0.00194972
202.03,0.106949,0.00195928
203.04,0.105163,0.00194405
204.055,0.105912,0.00195156
205.075,0.104926,0.00194305
206.101,0.104268,0.0019352
207.131,0.105949,0.00195206
208.167,0.107392,0.00196301
209.208,0.109565,0.00198285
210.254,0.105908,0.00194971
211.305,0.106457,0.0019576
212.362,0.104865,0.00194298
213.424,0.109935,0.0019897
214.491,0.106704,0.00196033
215.563,0.106113,0.0019559
216.641,0.11219,0.00201205
217.724,0.106935,0.00196474
218.813,0.106551,0.00196107
219.907,0.107959,0.00197633
221.006,0.105632,0.00195617
222.111,0.107339,0.00197141
223.222,0.114855,0.00204071
224.338,0.116259,0.00205409
225.46,0.122298,0.00210652
226.587,0.122155,0.00210479
227.72,0.116292,0.00205248
228.859,0.114203,0.00203383
230.003,0.112325,0.00201633
231.153,0.113204,0.00202294
232.309,0.116917,0.00205507
233.47,0.117925,0.0020644
234.638,0.116464,0.00205174
235.811,0.111707,0.00201041
236.99,0.108353,0.00197902
238.175,0.105611,0.0019552
239.366,0.109811,0.00199411
240.562,0.108163,0.00197958
241.765,0.110779,0.00200351
242.974,0.109252,0.00199125
244.189,0.106503,0.00196476
245.41,0.102982,0.00193201
246.637,0.106034,0.00196108
247.87,0.106876,0.00196762
249.109,0.109744,0.00199527
250.355,0.102682,0.00192877
251.607,0.101958,0.00192273
252.865,0.0982652,0.00188707
254.129,0.0957037,0.00186198
255.4,0.0942487,0.0018472
256.677,0.0901875,0.00180885
257.96,0.0875267,0.00178162
259.25,0.0870089,0.00177544
260.546,0.0860028,0.00176659
261.849,0.0840676,0.0017455
263.158,0.0906136,0.0018129
264.474,0.0913306,0.00182133
265.796,0.0925805,0.00183313
267.125,0.0913005,0.00182168
268.461,0.0893739,0.00180151
269.803,0.0886835,0.00179735
271.152,0.0880078,0.00179306
272.508,0.0951497,0.00186382
273.871,0.0975823,0.00188791
275.24,0.101416,0.00192561
276.616,0.107707,0.00198418
277.999,0.111056,0.00201503
279.389,0.11186,0.00202381
280.786,0.116608,0.00206617
282.19,0.121374,0.00210946
283.601,0.122152,0.00211737
285.019,0.120384,0.00210514
286.444,0.121527,0.00211486
287.876,0.120339,0.00210558
289.316,0.117657,0.00208447
290.762,0.118653,0.00209573
292.216,0.114841,0.00206399
293.677,0.116055,0.00207516
295.146,0.111525,0.00203732
296.621,0.1136,0.0020565
298.104,0.109611,0.00202132
299.595,0.10895,0.00201719
301.093,0.110504,0.00203461
302.598,0.106674,0.0019996
304.111,0.107768,0.00201292
305.632,0.104409,0.00198183
307.16,0.103431,0.0019762
308.696,0.106516,0.00200783
310.239,0.105879,0.00200476
311.791,0.103609,0.00198463
313.35,0.101433,0.00196532
314.916,0.103905,0.00199288
316.491,0.102821,0.00198469
318.073,0.093446,0.00189468
319.664,0.0856135,0.00181561
321.262,0.0799036,0.00175613
322.868,0.0738805,0.00169092
324.483,0.0661655,0.001604
326.105,0.064467,0.00158436
327.736,0.0659052,0.00160422
329.374,0.0635143,0.00157865
331.021,0.0609342,0.00154938
332.676,0.0608993,0.00155061
334.34,0.0601895,0.00154309
336.011,0.0555219,0.00148483
337.691,0.0612304,0.00156215
339.38,0.065567,0.00161755
341.077,0.0686704,0.00165765
342.782,0.0652821,0.00161713
344.496,0.0599197,0.00155024
346.218,0.0543992,0.00148015
347.95,0.0517054,0.00144531
349.689,0.0584913,0.00153934
351.438,0.0640749,0.00161289
353.195,0.0699518,0.00168646
354.961,0.0702957,0.00169425
356.736,0.069846,0.0016897
358.519,0.0632398,0.00160966
360.312,0.0620412,0.00159644
362.114,0.0566243,0.00152943
363.924,0.0496796,0.00143339
365.744,0.048077,0.00141293
367.572,0.0485603,0.00142118
369.41,0.0506483,0.0014552
371.257,0.0527484,0.00148852
373.114,0.0527583,0.00149052
374.979,0.057408,0.00155573
376.854,0.0608395,0.00160368
378.738,0.0627044,0.00163096
380.632,0.0618222,0.00162158
382.535,0.0610665,0.00161426
384.448,0.0570041,0.00156277
386.37,0.0591294,0.00159351
388.302,0.061079,0.00162166
390.244,0.0655908,0.00168367
392.195,0.0699014,0.00174028
394.156,0.0726032,0.00177557
396.127,0.0743422,0.00179962
398.107,0.0770105,0.00183544
400.098,0.0775406,0.00184486
402.098,0.0806352,0.00188446
404.109,0.0794272,0.00187476
406.129,0.0794247,0.00187539
408.16,0.0716201,0.0017867
410.201,0.0698304,0.00176836
412.252,0.0629569,0.00168122
414.313,0.0599056,0.00164226
416.384,0.0569792,0.00160601
418.466,0.0570054,0.00161078
420.559,0.0556674,0.00159492
422.662,0.0566352,0.00161149
424.775,0.0538966,0.00157346
426.899,0.0531119,0.00156698
429.033,0.0534354,0.00157352
431.178,0.0546161,0.00159617
433.334,0.0555768,0.00161218
435.501,0.0565845,0.00163239
437.678,0.0564338,0.00163153
439.867,0.057062,0.00164335
442.066,0.0597679,0.00168691
444.276,0.0587937,0.00167524
446.498,0.062654,0.00173285
448.73,0.0637176,0.00175066
450.974,0.0629906,0.00174342
453.229,0.0629846,0.00174733
455.495,0.0611139,0.00172572
457.773,0.0725223,0.00188251
460.061,0.0801298,0.00198148
462.362,0.0810573,0.0019972
464.673,0.0857647,0.00205866
466.997,0.0848896,0.00205302
469.332,0.0866284,0.00207821
471.679,0.0813996,0.00202024
474.037,0.0783657,0.00198721
476.407,0.0737143,0.00193217
478.789,0.0696254,0.00188258
481.183,0.0691645,0.00188229
483.589,0.0668069,0.00185464
486.007,0.0640996,0.00181935
488.437,0.0616815,0.00178886
490.879,0.0610658,0.00178285
493.334,0.0623271,0.00180739
495.8,0.0615094,0.00179922
498.279,0.0600878,0.00178106
500.771,0.0619445,0.00181393
503.274,0.0651622,0.00186432
505.791,0.0623834,0.00182944
508.32,0.0626052,0.00183742
510.861,0.0669362,0.00190146
513.416,0.066309,0.00189775
515.983,0.0686295,0.00193407
518.563,0.0667701,0.00191347
521.155,0.0667209,0.00191655
523.761,0.0649896,0.00189688
526.38,0.0687258,0.00195636
529.012,0.0718882,0.00200608
531.657,0.0680928,0.00195761
534.315,0.073265,0.0020359
536.987,0.0709766,0.00200805
539.672,0.0784975,0.00211932
542.37,0.0816544,0.00216591
545.082,0.0823781,0.00218019
547.807,0.089511,0.00227909
550.546,0.0867432,0.00224913
553.299,0.0847371,0.00222858
556.066,0.0732653,0.00207726
558.846,0.0681636,0.00200938
561.64,0.0669308,0.00199971
564.448,0.0654665,0.00198487
567.271,0.0719197,0.00208381
570.107,0.0705779,0.00206897
572.958,0.0764709,0.00216176
575.822,0.0830715,0.00225781
578.702,0.0796002,0.00221579
581.595,0.0775131,0.00219389
584.503,0.0812665,0.00225253
587.426,0.077764,0.00220981
590.363,0.0820078,0.00227517
593.314,0.0806958,0.00226291
596.281,0.0797624,0.00225784
599.262,0.083854,0.00232324
602.259,0.0839173,0.00233131
605.27,0.0841132,0.00233768
608.296,0.0816354,0.00231143
611.338,0.08047,0.00229792
614.395,0.0770404,0.00225645
617.467,0.0771642,0.00226757
620.554,0.079439,0.00230843
623.657,0.0791437,0.00231122
626.775,0.0726105,0.00221778
629.909,0.0722295,0.00222155
633.058,0.0715801,0.00222038
636.224,0.07288,0.00224405
639.405,0.0777762,0.00232957
642.602,0.0729527,0.0022606
645.815,0.0769865,0.00233281
649.044,0.0769062,0.00233749
652.289,0.0745327,0.0023117
655.551,0.0697548,0.0022429
658.828,0.0678876,0.00221982
662.122,0.0649401,0.00217528
665.433,0.0652231,0.00219102
668.76,0.0657662,0.00220397
672.104,0.0667612,0.00222864
675.464,0.0660448,0.00222232
678.842,0.0625764,0.0021711
682.236,0.0645497,0.00221465
685.647,0.0660813,0.00224461
689.075,0.0644413,0.00222429
692.521,0.0667836,0.00227195
695.983,0.0655571,0.00226102
699.463,0.0635485,0.00223195
702.961,0.0604917,0.00218638
706.475,0.0635493,0.00224931
710.008,0.0633039,0.0022523
713.558,0.0674442,0.0023308
717.126,0.0660137,0.00231293
720.711,0.0666233,0.00233239
724.315,0.0664647,0.00233962
727.936,0.0663442,0.00234478
731.576,0.0703552,0.00242231
735.234,0.0661949,0.00235632
738.91,0.0719523,0.00246649
742.605,0.0789821,0.00258899
746.318,0.0759783,0.00254386
750.049,0.0694036,0.00243905
753.8,0.0702625,0.00246617
757.569,0.0668003,0.00241682
761.356,0.0752952,0.00257157
765.163,0.081753,0.00268663
768.989,0.0918751,0.00285614
772.834,0.0907394,0.00284786
776.698,0.0924475,0.00288255
780.582,0.0950154,0.00293422
784.485,0.0946898,0.00293706
788.407,0.0946767,0.00294192
792.349,0.0783915,0.00268921
796.311,0.0695265,0.00254622
800.292,0.0685833,0.00253719
804.294,0.0673596,0.00252014
808.315,0.0675435,0.00253611
812.357,0.0696355,0.00258304
816.419,0.0691324,0.00258451
820.501,0.0655766,0.00252439
824.603,0.0652421,0.00252587
828.726,0.0669561,0.0025705
832.87,0.0701875,0.00264192
837.034,0.0731958,0.00270274
841.219,0.0751058,0.00274567
845.425,0.0804941,0.00285509
849.653,0.0793025,0.00284005
853.901,0.0775129,0.00282446
858.17,0.0783424,0.00285438
862.461,0.0899564,0.00306063
866.773,0.0903978,0.00307508
871.107,0.0804546,0.00291164
875.463,0.071941,0.00276685
879.84,0.0676752,0.00269349
884.239,0.0697173,0.00274375
888.661,0.0675677,0.00271027
893.104,0.0692827,0.00275123
897.569,0.0745763,0.00287154
902.057,0.0746608,0.00287863
906.568,0.0713395,0.00282718
911.1,0.0756918,0.00292861
915.656,0.0739754,0.00289861
920.234,0.0790584,0.00300641
924.835,0.081087,0.00305603
929.46,0.0811881,0.00307095
934.107,0.082452,0.00311041
938.777,0.0881504,0.00322293
943.471,0.0970525,0.00339282
948.189,0.101075,0.00346907
952.93,0.0890295,0.00326637
957.694,0.0797879,0.00311118
962.483,0.075658,0.00304185
967.295,0.0763931,0.00307029
972.132,0.0773643,0.00310252
976.992,0.0851261,0.00327207
981.877,0.0907174,0.00338288
986.787,0.0941559,0.00345358
991.72,0.0941661,0.003474
996.679,0.0905792,0.00341693
1001.66,0.0895824,0.00341042
1006.67,0.0794414,0.00322777
1011.7,0.0733879,0.00311648
1016.76,0.0763022,0.00318753
1021.85,0.0767228,0.00320561
1026.96,0.0840651,0.00337119
1032.09,0.0959875,0.00361461
1037.25,0.0940122,0.00359418
1042.44,0.0901356,0.00352803
1047.65,0.0798841,0.00333486
1052.89,0.0806256,0.00337012
1058.15,0.0829127,0.00343212
1063.44,0.0798506,0.00338281
1068.76,0.0702746,0.00319041
1074.1,0.0727036,0.0032502
1079.47,0.0787789,0.00340118
1084.87,0.0783061,0.00339901
1090.3,0.0773797,0.00339869
1095.75,0.0901352,0.00368171
1101.23,0.0965733,0.00381897
1106.73,0.0866898,0.00363322
1112.27,0.073317,0.00335948
1117.83,0.0783481,0.00348728
1123.42,0.0818363,0.0035796
1129.03,0.0844252,0.00364484
1134.68,0.0790059,0.00353762
1140.35,0.0821403,0.00362207
1146.05,0.0804937,0.0036003
1151.78,0.0903151,0.00383182
1157.54,0.0904661,0.00385206
1163.33,0.0799104,0.00363369
1169.15,0.0708804,0.00343813
1174.99,0.0695975,0.00342535
1180.87,0.0729885,0.00351274
1186.77,0.0729118,0.00353301
1192.71,0.0738886,0.00356962
1198.67,0.0804539,0.00373286
1204.66,0.0797125,0.00373478
1210.69,0.0772982,0.00368857
1216.74,0.0854847,0.0038991
1222.82,0.0848139,0.00389944
1228.94,0.0905719,0.00403917
1235.08,0.0859795,0.00395336
1241.26,0.0878377,0.00401482
1247.46,0.0856139,0.00398248
1253.7,0.0929633,0.00416634
1259.97,0.0951627,0.00422438
1266.27,0.0863714,0.00405753
1272.6,0.0825002,0.00396743
1278.96,0.0799667,0.00392875
1285.36,0.0822859,0.0040026
1291.79,0.0822933,0.00401754
1298.24,0.0825162,0.00404632
1304.74,0.0757475,0.00389578
1311.26,0.0789117,0.00398167
1317.82,0.0792138,0.00401704
1324.41,0.0873197,0.00423501
1331.03,0.0935012,0.00441022
1337.68,0.102589,0.0046259
1344.37,0.106513,0.00472778
1351.09,0.0982753,0.0045574
1357.85,0.0965828,0.00452789
1364.64,0.0860831,0.00429697
1371.46,0.0859374,0.00431923
1378.32,0.0826353,0.0042545
1385.21,0.0863661,0.00437488
1392.14,0.0825839,0.00428551
1399.1,0.0892044,0.00446936
1406.09,0.090138,0.00451261
1413.12,0.0895529,0.00451077
1420.19,0.0849275,0.00441859
1427.29,0.0861087,0.00447375
1434.43,0.0882615,0.00454106
1441.6,0.0937178,0.00469537
1448.81,0.0965733,0.00479633
1456.05,0.0940437,0.00474229
1463.33,0.0857245,0.00454972
1470.65,0.0908269,0.00469933
1478,0.0863681,0.00460337
1485.39,0.086155,0.00461352
1492.82,0.0794716,0.00445135
1500.28,0.0834157,0.00458674
1507.78,0.0805204,0.00451535
1515.32,0.0869086,0.00471657
1522.9,0.0916499,0.00486094
1530.51,0.0903226,0.00484103
1538.16,0.0868443,0.00476505
1545.86,0.0844782,0.00472473
1553.58,0.0845645,0.00474575
1561.35,0.0845752,0.00476778
1569.16,0.0892145,0.00490906
1577,0.088377,0.00491829
1584.89,0.0843062,0.00482696
1592.81,0.0827569,0.0047905
1600.78,0.0897691,0.00500967
1608.78,0.0896662,0.00502043
1616.83,0.0914146,0.00508726
1624.91,0.0831467,0.00487521
1633.03,0.0804481,0.00481654
1641.2,0.0921772,0.00517372
1649.41,0.0818245,0.00490179
1657.65,0.0778913,0.0047937
1665.94,0.0825818,0.00494327
1674.27,0.0872991,0.00511263
1682.64,0.0756329,0.00476769
1691.06,0.0872662,0.00516139
1699.51,0.0903511,0.00527233
1708.01,0.0853789,0.00514752
1716.55,0.0760505,0.00486695
1725.13,0.0918777,0.00537136
1733.76,0.0872425,0.00525428
1742.43,0.0772989,0.00496574
1751.14,0.0819677,0.00513813
1759.89,0.0815093,0.00513842
1768.69,0.0832483,0.0052016
1777.54,0.0908914,0.00546698
1786.42,0.085915,0.00533157
1795.36,0.0790332,0.00514016
1804.33,0.0789927,0.00514694
1813.35,0.0796347,0.00518164
1822.42,0.0839906,0.00534357
1831.53,0.0806995,0.00523594
1840.69,0.0781811,0.00517843
1849.89,0.0807073,0.00528621
1859.14,0.0810134,0.00532886
1868.44,0.0770141,0.0052125
1877.78,0.0761928,0.00518428
1887.17,0.0757363,0.00519351
1896.61,0.0756465,0.0052156
1906.09,0.0789998,0.00534901
1915.62,0.0792083,0.0053664
1925.2,0.0773355,0.00532118
1934.82,0.071917,0.00514754
1944.5,0.0868222,0.00567565
1954.22,0.0833809,0.00556897
1963.99,0.0815122,0.00553059
1973.81,0.0812802,0.00555533
1983.68,0.0790385,0.00549287
1993.6,0.0678511,0.00510077
2003.57,0.0732159,0.00532633
2013.59,0.0793263,0.00556838
2023.65,0.075786,0.0054438
2033.77,0.0711757,0.0052975
2043.94,0.0770074,0.00551473
2054.16,0.0790306,0.00561788
2064.43,0.0732813,0.00543382
2074.75,0.0811451,0.00574714
2085.13,0.0822236,0.00579038
2095.55,0.0726599,0.00545416
2106.03,0.0752222,0.00557533
2116.56,0.0822276,0.00586671
2127.14,0.072197,0.00550814
2137.78,0.0721931,0.00550362
2148.47,0.0849244,0.00598817
2159.21,0.0794064,0.00582458
2170.01,0.0727538,0.00558354
2180.86,0.0766432,0.00573437
2191.76,0.0719986,0.00559184
2202.72,0.0753214,0.00575103
2213.73,0.0797751,0.00592824
2224.8,0.079937,0.00594483
2235.93,0.0754374,0.00578452
2247.11,0.0724208,0.00568805
2258.34,0.067508,0.00550187
2269.63,0.0780628,0.00595007
2280.98,0.0707227,0.00569623
2292.39,0.0669367,0.00554262
2303.85,0.0731574,0.00580212
2315.37,0.0675214,0.00557824
2326.94,0.0736417,0.00584712
2338.58,0.0815236,0.00617254
2350.27,0.0796407,0.00613851
2362.02,0.0799705,0.00616799
2373.83,0.0780737,0.00611217
2385.7,0.0732915,0.00594951
2397.63,0.0733041,0.00596498
2409.62,0.0716842,0.00589675
2421.67,0.0718319,0.00593202
2433.77,0.0741367,0.00604957
2445.94,0.0757939,0.00613241
2458.17,0.0849029,0.00651688
2470.46,0.0818518,0.00642695
2482.82,0.0789717,0.00631691
2495.23,0.0776296,0.00626778
2507.71,0.0737168,0.00613067
2520.25,0.0768411,0.00628711
2532.85,0.0817616,0.00652371
2545.51,0.0822481,0.00654751
2558.24,0.0710602,0.00610088
2571.03,0.0833538,0.00661224
2583.88,0.0794727,0.00648913
2596.8,0.0803075,0.00654402
2609.79,0.0755197,0.00635913
2622.84,0.0794031,0.00655821
2635.95,0.0855724,0.00683923
2649.13,0.0922227,0.00711461
2662.38,0.0853274,0.00683912
2675.69,0.0756365,0.00645643
2689.07,0.0829152,0.00676695
2702.51,0.0802693,0.00668537
2716.02,0.0729112,0.00640072
2729.61,0.0803262,0.0067202
2743.25,0.0903404,0.00716469
2756.97,0.0822624,0.00685003
2770.75,0.0843547,0.00696066
2784.61,0.082588,0.00689798
2798.53,0.0729128,0.00649751
2812.52,0.0712601,0.00645111
2826.59,0.069023,0.00636619
2840.72,0.0755929,0.00665696
2854.92,0.0780637,0.00678807
2869.2,0.0747088,0.00667505
2883.54,0.0790431,0.00687166
2897.96,0.0847108,0.00713221
2912.45,0.0854197,0.00719793
2927.01,0.0816001,0.00706702
2941.65,0.0821353,0.00712827
2956.36,0.0764352,0.00690029
2971.14,0.0795672,0.00704548
2985.99,0.084539,0.00723952
3000.92,0.0827325,0.0072102
3015.93,0.0956862,0.00777926
3031.01,0.0892833,0.00752872
3046.16,0.0832412,0.00727651
3061.39,0.0787713,0.00710174
3076.7,0.0839601,0.00734336
3092.08,0.10164,0.00810547
3107.54,0.0984819,0.00799157
3123.08,0.0924333,0.00779459
3138.7,0.0863007,0.0075435
3154.39,0.0777084,0.00716939
3170.16,0.0717074,0.00690642
3186.01,0.074906,0.0070683
3201.94,0.0788519,0.00726489
3217.95,0.0749553,0.00712121
3234.04,0.0859858,0.00766547
3250.21,0.0951405,0.00808089
3266.47,0.0857943,0.0077223
3282.8,0.0810044,0.00749223
3299.21,0.0762714,0.00731724
3315.71,0.0715378,0.00713181
3332.29,0.082302,0.00766255
3348.95,0.0774708,0.0074245
3365.69,0.0819676,0.00765133
3382.52,0.0787228,0.00755208
3399.43,0.0753328,0.00738764
3416.43,0.07952,0.00761008
3433.51,0.0869239,0.00801427
3450.68,0.0870878,0.00806251
3467.93,0.0754288,0.00752847
3485.27,0.0829826,0.0078982
3502.7,0.0846991,0.00801131
3520.21,0.0727554,0.00744813
3537.81,0.0783745,0.00772906
3555.5,0.0811454,0.0078669
3573.28,0.0861234,0.00811263
3591.15,0.0878981,0.00825537
3609.1,0.0873616,0.00829485
3627.15,0.0891321,0.00839738
3645.28,0.0799184,0.00796875
3663.51,0.0828999,0.00814666
3681.83,0.087623,0.00839216
3700.24,0.0841598,0.00824334
3718.74,0.0749679,0.0078109
3737.33,0.0863775,0.00841803
3756.02,0.0875031,0.00847341
3774.8,0.077303,0.007964
3793.67,0.0764798,0.00793723
3812.64,0.0744837,0.00785158
3831.7,0.0735126,0.00783858
3850.86,0.0800184,0.00821725
3870.12,0.0797955,0.00821421
3889.47,0.0804919,0.00827973
3908.92,0.0941588,0.00900115
3928.46,0.0891216,0.00876437
3948.1,0.0955069,0.00914897
3967.84,0.0911599,0.00898264
3987.68,0.086864,0.00873081
4007.62,0.0769576,0.00824381
4027.66,0.0653138,0.00764307
4047.8,0.0809294,0.00853038
4068.04,0.0845395,0.00872714
4088.38,0.0843679,0.00873335
4108.82,0.0826991,0.00870039
4129.36,0.0786691,0.0085021
4150.01,0.0827439,0.00874336
4170.76,0.0884169,0.00901951
4191.61,0.0962538,0.00946786
4212.57,0.0964088,0.0094991
4233.63,0.0915866,0.00926002
4254.8,0.0905958,0.00927722
4276.08,0.0887742,0.0092363
4297.46,0.0903087,0.00934765
4318.94,0.0927472,0.00948534
4340.54,0.0890783,0.00928851
4362.24,0.0943519,0.00957293
4384.05,0.0882217,0.00930106
4405.97,0.0819763,0.00899414
4428,0.0807786,0.00894065
4450.14,0.0857171,0.00924665
4472.39,0.0819317,0.00905306
4494.75,0.0767554,0.00879092
4517.23,0.0755766,0.00876879
4539.81,0.077954,0.00891472
4562.51,0.0855184,0.00938244
4585.33,0.0840715,0.00931655
4608.25,0.0778094,0.00897527
4631.29,0.0840402,0.00937136
4654.45,0.0886133,0.00968043
4677.72,0.081413,0.00928743
4701.11,0.0854772,0.00954944
4724.62,0.0900076,0.00985297
4748.24,0.0899777,0.00983693
4771.98,0.0865194,0.00961542
4795.84,0.0773351,0.00922109
4819.82,0.0820805,0.0094905
4843.92,0.0814901,0.00945817
4868.14,0.0848664,0.00967616
4892.48,0.0908655,0.0100155
4916.94,0.0861361,0.00976146
4941.53,0.0840663,0.00972026
4966.23,0.0879693,0.00992915
4991.07,0.0802927,0.00955793
5016.02,0.0885018,0.0100562
5041.1,0.0928322,0.0103466
5066.31,0.0843168,0.0098839
5091.64,0.0826375,0.00976317
5117.1,0.0851589,0.00994129
5142.68,0.0812363,0.00975791
5168.4,0.0717593,0.00920358
5194.24,0.0699299,0.00909834
5220.21,0.0758189,0.00946123
5246.31,0.0771521,0.00957837
5272.54,0.0790564,0.00977856
5298.9,0.0846497,0.0101181
5325.4,0.0930683,0.0106186
5352.03,0.0976824,0.0109154
5378.79,0.0912473,0.0105994
5405.68,0.0854093,0.0102679
5432.71,0.0858289,0.0103044
5459.87,0.0826273,0.0101441
5487.17,0.0842003,0.0102585
5514.61,0.0865401,0.0103948
5542.18,0.083478,0.0102322
5569.89,0.0833648,0.0102594
5597.74,0.0886712,0.0106357
5625.73,0.102808,0.0115139
5653.86,0.0987533,0.0112762
5682.13,0.0933998,0.0109864
5710.54,0.0809468,0.0102338
5739.09,0.0748591,0.00986488
5767.79,0.0843072,0.0104753
5796.62,0.0919714,0.0109766
5825.61,0.0890122,0.0108403
5854.74,0.0855458,0.010621
5884.01,0.0813775,0.0104299
5913.43,0.0866437,0.0108151
5943,0.0903717,0.0110828
5972.71,0.0926005,0.0111965
6002.57,0.0826653,0.0105816
6032.59,0.0746073,0.0101009
6062.75,0.0781006,0.0103639
6093.06,0.0807892,0.0105565
6123.53,0.0777659,0.0103639
6154.15,0.0795573,0.010495
6184.92,0.0842969,0.0108176
6215.84,0.0925964,0.0114142
6246.92,0.0933417,0.0115136
6278.16,0.0911665,0.0114124
6309.55,0.0990558,0.0119075
6341.09,0.0938205,0.0115489
6372.8,0.07145,0.0101659
6404.66,0.0684126,0.00997203
6436.69,0.0737055,0.0103762
6468.87,0.0911429,0.0115761
6501.22,0.0950477,0.0118772
6533.72,0.0918975,0.0116724
6566.39,0.0934445,0.0117666
6599.22,0.0984373,0.0120877
6632.22,0.103566,0.0124849
6665.38,0.0987866,0.0122142
6698.71,0.102873,0.0124795
6732.2,0.10468,0.0126122
6765.86,0.102972,0.0125233
6799.69,0.103047,0.0126317
6833.69,0.109789,0.0130161
6867.86,0.104431,0.0126906
6902.2,0.0946824,0.0121209
6936.71,0.087896,0.0117175
6971.39,0.0966091,0.0122907
7006.25,0.0968767,0.012323
7041.28,0.0945241,0.0122003
7076.49,0.088653,0.0118591
7111.87,0.100008,0.0125901
7147.43,0.107266,0.0130378
7183.16,0.111387,0.0133337
7219.08,0.116787,0.0137183
7255.18,0.102481,0.0129547
7291.45,0.108033,0.0133147
7327.91,0.111739,0.0135601
7364.55,0.108128,0.0133497
7401.37,0.0987093,0.012809
7438.38,0.0973046,0.0126919
7475.57,0.0899626,0.012188
7512.95,0.0800563,0.0115107
7550.51,0.0988029,0.0128011
7588.26,0.09961,0.0128934
7626.21,0.095437,0.0126634
7664.34,0.0891611,0.0122684
7702.66,0.10278,0.0131941
7741.17,0.101162,0.0131094
7779.88,0.0914384,0.0124908
7818.78,0.102782,0.0133193
7857.87,0.0924815,0.0126513
7897.16,0.0874039,0.0123289
7936.65,0.0946664,0.0128927
7976.33,0.0985275,0.0131605
8016.21,0.104244,0.0135776
8050.87,0.111504,0.016466
